1176
1 1
2 1
2 2
4 4
8 3
11 11
22 11
33 33
66 2
66 3
69 68
137 2
137 22
137 33
170 8
159 68
227 159
386 68
386 69
455 170
455 178
633 625
1258 11
1258 69
1327 2
1327 69
1329 159
1488 2
1490 69
1258 1258
1329 1329
1396 1269
2516 455
2658 1396
4054 1559
5613 1
5614 455
5613 2971
5614 2971
8584 1327
8584 1396
9911 227
8585 8584
17169 625
17169 1258
18427 159
17794 5614
18586 6069
23408 9911
33319 178
33319 633
33952 2
33497 625
33952 9911
33497 24655
58152 69
58152 8584
58152 17169
66736 34122
100858 159
101017 33952
134969 1269
100858 75321
176179 9980
136238 101017
237255 33954
237255 186159
423414 2
423414 33952
457366 33497
490863 6069
457366 423416
880782 8585
880782 33319
914101 170
914101 6069
914271 33954
948225 100858
1049083 43863
1092946 170
139 22
1093116 161
1093277 186159
948225 920170
1093116 1049083
1093277 1093116
1868395 423416
2291811 137
1279436 457366
24655 633
455 68
1736802 25288
523 66
1762090 589
2291948 1762679
4054627 2291811
6346438 5613
6352051 271209
6623260 237255
6860515 34122
6860515 58221
6352051 1092946
7444997 1092946
8537943 5613
8543556 633
7444997 6918736
14363733 1396
14365129 3
14365129 66
14363733 2142199
16505932 8544189
25050121 625
25050746 271209
25050121 4054627
29104748 5614
29110362 1258
29111620 186159
29297779 22
29297801 1
29297801 7444997
36742798 8585
36751383 1258
25321955 25050746
50372701 633
50373334 1269
29110362 29104748
50373334 29104748
50373334 29297802
79671136 914101
80585237 25050121
105635358 2665
105638023 1868395
1093116 948225
107506418 2041341
4054627 1093277
101017 4054
227 69
33 11
4 3
5147904 105071
296 44
5252975 340
5253315 7
109547759 5253322
114801081 17169
114818250 18586
105638023 14363733
120001756 1329
120001756 24655
120003085 1093277
121096362 17794
121096362 490863
121114156 490863
121605019 186159
1093277 75321
2971 454
1168598 3425
1172023 66
121791178 1172089
120003085 6894637
126897722 4054
120026411 14365132
134391543 2665
134394208 23408
114818250 25050121
114801081 29104748
143905829 8
120026411 25050746
145077157 880782
145957939 1490
145957939 58221
145957939 1092946
145957939 1093116
121791178 29297801
151088979 920170
152009149 69
152009218 2516
152009218 2658
145077157 7444997
152522154 176179
134394208 25050121
151088979 8543556
159444329 914101
145959429 16505932
162465361 9980
134394208 29104748
163498956 880782
114801081 50374603
151088979 14365129
165454108 58152
163498956 2291948
165512260 889367
166401627 386
165175684 1279436
165790904 1868395
166455120 2186393
168641513 10138
166455120 5147904
145077157 29110362
167659299 8544189
176203488 2186393
178389881 2516
178392397 1092946
143905829 36742798
152011876 29104748
168641513 14365195
183006708 914271
43863 455
183920979 44318
423414 33497
183965297 456911
176203488 8537943
184741431 2
152009218 36742798
109547759 80585237
190132996 386
184741433 6860515
191601948 948225
192550173 880782
146016160 50373334
196389494 23408
191601948 6894637
198496585 24655
184422208 14365195
183965297 16505932
1279436 271209
75321 23408
455 22
4 2
1550645 98729
477 6
1649374 483
200471229 1649857
202121086 455
202121086 33952
66736 178
8 4
66914 12
202155038 66926
1762679 4054
12 633
1766733 645
202221964 1767378
181116624 25321955
190132996 16505932
202155038 6623260
184422208 25321955
209744163 101017
496932 271209
44318 6069
625 170
768141 50387
818528 795
209845180 819323
210664503 496932
211161435 490863
206638928 7444997
214083925 33
214083925 66
188752016 29110362
217862378 101017
114818250 105638023
183920979 36742798
206638928 14363733
221002661 43863
221046524 101017
221147541 625
211652298 14365195
202221964 25050746
178392397 50374603
228767000 1269
228767000 136238
227272710 2291811
221148166 8544189
203989342 29297779
233287121 889367
234176488 66736
176203488 58215110
234418598 66
229564521 6346438
211161435 25050121
236211556 58152
819323 44318
4054 7
863641 4061
867702 589
236269708 868291
237137999 2291948
236211556 6352051
242563607 8584
242563607 17794
234418664 8537943
221147541 25050121
246197662 33319
246230981 170
246230981 795
246231776 914271
220456273 29111620
249567893 33952
249601845 490863
2186393 75321
5614 386
44 11
2261714 6000
55 3
2267714 58
250092708 2267772
246231776 6894637
217963395 36742798
242572191 14365195
152011734 105635358
229564521 29297779
423416 18586
258862300 442002
253126413 8537943
147050885 114801081
261851966 58221
261910187 920170
262830357 442002
263272359 9980
234243224 29104748
242956607 25321955
268278562 58221
268278562 2291811
270570373 1258
152009218 120026411
152522154 120001756
237137999 36752641
273890640 68
496932 237255
25288 3425
455 7
734187 28713
462 11
762900 473
273890708 763373
268336783 6352051
228767000 50374603
279141603 33497
165454108 114801081
147051055 134417616
202155038 79478082
281633120 1279436
233287121 50373334
162465361 121791178
159632535 126901776
286534311 66736
165790904 121605019
183965297 105635358
261910187 29110362
289600655 1868395
291469050 66736
268336783 25321955
293658738 9911
293658738 889367
259304302 36742798
151088979 145077157
163498956 134417616
297916572 69
273890640 25050746
1868395 75321
8585 795
44 178
1943716 9380
1953096 222
298941386 1953318
193430955 107506418
50387 6069
1559 11
56456 1570
58026 2
300937373 58028
293658738 8537943
302196681 2291811
171603024 134417616
180648627 126901776
307550403 1093277
308643680 17794
308661474 139
308661613 633
308661474 5613
308662246 5613
159444329 152009149
136238 10138
4061 7
146376 4068
150444 1269
311453478 151713
162475341 152011734
314487075 5614
314492689 1279436
281468671 36751383
318220054 66
183965297 134394208
291535786 29111620
287395923 36752641
318359505 6346438
324705943 186159
165175684 160358430
318220120 8544189
326764309 1488
165512260 164379738
167659299 162465361
330124660 58152
272523910 58215110
330739020 880782
168641513 165175684
333817197 6069
228767000 107506418
330182812 7444997
308661613 29297801
337959414 271209
330182812 8544189
338727001 457366
178389881 163498956
196389494 145957939
2291948 948225
4068 795
170 3
3240173 4863
3245036 173
342347433 3245209
345592642 137
345592779 1559
196412902 152009218
214083991 134391543
184422208 165790904
314492689 36751383
246231151 105638023
217963395 134394208
351244072 2142199
353386271 496932
326764309 29111620
355875929 18427
355894356 34122
235910959 121791178
357702137 454
345592779 14365129
209845180 152011734
361856914 1868395
339184367 25321955
184741431 181116624
365858055 24655
193430955 174187519
365882710 2186393
311453478 58215110
206638928 163498956
249601845 121114156
370137884 1049083
371186967 227
369668588 4054627
198521240 176203488
208778298 166402013
242956607 134391543
214083925 164379738
341888837 36752641
273890708 105638023
378641478 1868395
217963395 164379738
324705943 58215110
353883203 29297779
239429947 146016160
221002661 165512260
357702137 29297802
379528731 8543556
388072287 889367
228903238 160358430
496932 186159
10138 6069
477 7
683091 16207
699298 484
389261668 699782
389961450 2
389961452 2658
234176488 159632535
273890708 120003085
393893793 176179
394069972 2516
242563607 152009218
394572825 1093277
368069103 29110362
234243224 165790904
400034128 178
496932 10138
3425 66
507070 3491
400034306 510561
400544867 186159
2291948 457366
25288 523
2749314 25811
2775125 227
400731026 2775352
258862300 145957939
404820239 1329
300937373 107506418
408443791 948225
1172089 75321
10138 1570
12 178
1247410 11708
1259118 190
409392016 1259308
397179465 14363733
247146047 165175684
397179465 16505932
268278562 146016160
263282339 151088979
294548105 121096362
254706193 162475341
297916572 120001756
394069972 25050746
412321731 7444997
249567893 171603024
421170917 176179
363725309 58215110
421940419 1258
421941677 490863
507070 1570
55 483
508640 538
422432540 509178
314487075 109547759
259304302 168641513
421170917 6918736
283660455 145077157
400034306 29297802
379528731 50373334
221148166 209744163
221002661 211161435
270571631 162465361
294548105 139868371
283660455 152009149
400034306 36742798
436777104 8
249601845 190132996
439734841 170
279141603 162465361
280255189 162475341
281468671 162465361
443934032 423416
318359505 126901776
271209 75321
18586 2665
68 68
346530 21251
367781 136
445261281 367917
439734841 6860515
397179465 50372701
249601845 198521240
274688834 174187519
447552166 2142199
297916641 152522154
306020640 145959429
451980069 633
333817197 120003085
403506378 50373334
258862300 198521240
457383540 1092946
458476486 633
458477119 5613
421940419 36742798
338230623 121587225
459817848 2
261851966 198496585
252360480 211652298
464012778 101017
330739020 134417616
270571631 196389494
286534311 180648627
467182938 1490
325534114 146016160
306020640 166455120
448876353 25050121
473926474 43863
459817848 14363733
242563607 233287121
242563607 234243224
476806831 18586
297916641 180648627
268336783 211161435
314492689 166402013
246231151 236211556
473970337 8537943
324892102 159444329
484336431 914271
510561 34122
161 455
544683 616
485250702 545299
485796001 66736
485862737 69
274654081 214083991
488738072 889367
489627439 1327
249567893 242572191
324148564 168651651
284256539 209744163
494000702 1327
465156636 29297779
262830357 234243224
249601845 249601845
485250702 14365195
280255189 220456273
451980069 50373334
500711462 1868395
282912556 221046524
338727001 165790904
298941386 206638928
296047100 209845180
500711462 6918736
458476486 50372701
508849187 455
485250702 25321955
502353403 8537943
510891346 43863
311453478 202121541
513575019 159
408443791 107506418
324148564 192550173
510891346 6346438
324892102 193430955
489627439 29297801
326765797 192550173
518925240 2142199
320647406 202155038
522802444 68
522802512 170
522802512 1093277
308643680 217963395
308661613 217963395
297916641 228768269
338727001 188752016
422432540 105635358
393893793 134391543
307550403 221148166
451980069 80585237
368069103 166402013
336273418 198787403
367618474 167659299
534471116 1868395
534471116 2291811
545299 34122
8585 178
579421 8763
588184 2
536762927 588186
330182812 208778298
361856914 179485343
421941677 121096362
543038039 5614
428737612 114801081
281468671 263272359
393809023 152009218
379528731 166402013
2291948 271209
25811 9380
2563157 35191
545930744 2598348
548529092 100858
548629950 33
315772125 236211556
289600655 263347972
552948627 34122
369668588 184741433
308662246 247146047
293658738 263282339
556941077 457366
451980069 105635358
436777112 122963267
559740379 914271
297916572 263282339
561198911 914101
318359505 246197662
564557167 66736
564557167 237255
389261668 178392397
304488492 263282339
424034834 143905829
464113795 105638023
374724728 196412902
308661474 263272359
388072287 184422208
359957908 214083925
574041833 1093277
326764309 249601845
318359505 258862300
397179465 180648627
412321731 165512260
410651324 168651651
294548105 286601047
581149152 69
355875929 227272710
294548105 289600655
304488492 280255189
584148760 920170
434416476 152522154
308661474 279141603
587803077 1559
587804636 1093116
330182812 259304302
561198911 29111620
296166136 296047100
318220054 274654081
389961450 203989342
472475760 121791178
355928478 239429947
581149221 14365129
308662246 289600655
330739020 268336783
318220120 281633120
357702591 242572191
400034306 202155038
602189344 33
451980702 152011876
482508280 122963267
385446107 221046524
605471547 1093277
393809023 214083925
488738072 120001756
458482732 152009218
574041833 36751383
467184428 143905829
352357603 258862300
330124660 284256539
378641478 236269708
494002029 121114156
482442707 134394208
616836915 137
451980702 165512260
439734841 178389881
417181534 202155038
330124660 291469050
593950792 29104748
623055540 33952
421347096 202121541
478565268 145957939
458683217 166401627
389961452 236211556
599853240 29297802
379528731 250092708
427945815 203989342
505580314 126901776
608739828 25050746
526684910 107506418
482442707 152011876
489628766 147051055
636679821 66
374724728 263272359
453820282 184741431
417918328 220663777
636679887 2291811
357702591 281633120
419766728 221147541
640914269 2658
324892102 318220054
375180311 268278562
617492962 29111620
646604582 237255
528067898 121114156
400034306 249567893
458482732 191601948
650084680 33952
499615897 152522154
457383540 196412902
625084844 29297779
654382623 1868395
355928478 300995401
450438795 206638928
492800215 166455120
449694365 211161435
699782 4068
703850 12
660855800 703862
464113795 198787403
548629983 114801081
467182938 196389494
419766728 246197662
413685397 252360480
666045877 18427
588897752 79671136
337627809 331619802
374724728 294548105
464012778 206438579
370716001 300937373
364506322 307550403
428089653 246231151
567770831 107506418
394072488 281468671
467182938 209744163
526607075 151088979
677696054 1049083
485796001 193430955
445261281 235910959
389964110 291535786
681499896 68
681172240 490863
681663103 161
359957908 324892102
448876353 239429947
478565268 209845180
394072488 296166136
484336431 206638928
382921053 308661474
691582527 1258
502579857 190132996
526625008 166402013
388072287 307550403
446595356 249567893
577833991 120003085
532565306 166402013
551983681 147050885
375180311 324705943
445629198 254706193
555808293 147051055
702859348 17794
352357603 351244072
380509873 324148564
537351113 167659299
560654650 147051055
383180982 325534114
708715096 43863
600274782 109547759
709822541 3
422432540 287395923
412321731 300937373
439735011 273890640
554410021 159632535
502353403 214083925
709822544 6918736
508849642 209744163
422432540 296166136
485862737 234243224
485250702 235910959
721161661 134969
414371318 308667859
577828092 145959429
581149152 143905837
504517905 221046524
421170917 306020640
727191557 4
478565268 250092708
508849187 221148166
567940663 162465361
548629950 183006708
819323 35191
2665 69
6 22
854514 2734
857248 28
731636658 857276
369668588 363725309
720105961 14365195
538961110 196412902
571137630 165790904
435669604 302196681
737866285 4
632482090 105638023
633790574 105638023
367917 11708
795 190
12 8
379625 985
380610 20
739428597 380630
458476486 283660455
451980702 291469050
637997087 105635358
629151042 114801081
543038039 202155038
739809227 6894637
518925240 228768269
567940663 181116624
571933833 178392397
421170917 330739020
751909937 8
458683217 293658738
382343133 370137884
453820282 300937373
754757655 4
478565268 279141603
757706871 8
388072287 370137884
632482090 126897722
422432540 337627809
657077723 105638023
516698737 247146047
448876353 315772125
394072488 370716001
764788489 161
764788650 24655
2598348 35191
5614 178
2633539 5792
2639331 170
764813305 2639501
386999939 382921053
445261281 325534114
497073581 273890640
499615897 272035629
429332108 342347433
735374012 36742798
415644467 357702137
725054989 50372701
2291948 186159
25811 2734
69 44
2478107 28545
113 2
2506652 115
775427690 2506767
492140084 286534311
607892948 171603024
948225 98729
1490 455
1046954 1945
779495972 1048899
723039177 58215110
757706879 25050121
522802444 261851966
559740379 226017493
666045877 120001756
1172089 17794
1189883 1488
786047633 1191371
417181534 370716001
450438795 337959414
643458873 145959429
556941077 234243224
453820282 338230623
792050905 457366
467184428 325534114
575135110 217862378
499615897 293668649
404821568 388961654
767452806 29111620
526607075 272523910
473970337 325534114
545930744 254706193
527479017 274654081
752481017 50373334
802854351 66736
681663264 121587225
577828092 227272710
485796001 320647406
777934457 29297802
419120718 388961654
808082372 880782
657077723 152009149
3245209 21251
1329 22
3266460 1351
809086872 3267811
812354683 496932
475850728 337959414
813810142 2516
561198911 253126413
500711462 314492689
562113012 254706193
792508271 25050746
593950792 226017493
819323 11708
1945 113
831031 2058
833089 139
819968285 833228
819968285 914101
784654410 36752641
436777104 385446107
672056725 152698333
562113012 263347972
660855800 166455120
747693509 79671136
707705705 121114156
548629983 280255189
534471116 296166136
271209 58221
4068 178
329430 4246
333676 159
830637252 333835
545818241 287395923
827310920 6623260
526607075 308661613
721296630 114801081
757706879 79478082
569751818 268278562
592213236 246231151
500711462 339184367
839895829 1488
436777104 404821568
762715746 79478082
505580314 338230623
581149152 262830357
723039177 122963267
545818241 300995401
846813642 8
453879712 393809023
1767378 58221
28 6000
1825599 6028
847688735 1831627
683091 795
6 178
683886 184
849520362 684070
643112156 208778298
654382623 198496585
522802682 330124660
681663264 171603024
567770831 286534311
518323057 338230623
583148639 273890708
623468637 234418664
856553680 2291811
650118632 208778298
660855800 198521240
676927101 183965297
528285336 333817197
602189344 261851966
494454415 369668588
864123003 1279436
657077723 209845180
445261281 421940419
592874135 274688834
703601675 165454108
583148639 286601047
650118632 221148166
623055540 249601845
507630198 365882710
451980069 422432540
614381199 261851966
448876353 428737612
734471156 143905829
587804636 291020549
494000702 386999939
638582105 242956607
557615427 325534114
699034566 184741433
883775999 423414
656923879 228903238
649602199 236269708
703601675 183006708
702859348 183965297
521067439 368069103
448123085 442730530
890853615 457366
629151042 263272359
892423401 1279436
610491950 284256539
649182054 246230981
464113795 432164096
637997087 258862300
713625651 183965297
732493934 165512260
485862806 414294722
614381199 286534311
634191328 268336783
852879208 50372701
670451357 233287121
599853240 304488492
552982749 351869174
670451357 234418598
554410021 351869174
677696054 228903238
679226956 228767000
552948627 357702137
903251909 8544189
517237784 395666102
912903886 33
793783222 121096362
507630198 408443791
545299 28713
3491 28
574012 3519
577531 454
916073989 577985
916651974 100858
916752832 1396
537351113 379528731
799130985 122963267
624523207 297916641
661559662 263282339
624523207 300894704
584148760 342347433
869055783 58215110
927270893 159
556941077 371187194
576366154 353883203
906279195 25050121
560654650 371187194
518925240 413685397
488738072 445261281
782757000 152011734
656251018 279175100
2041341 75321
10138 795
68 8
2116662 10933
2127595 76
935426118 2127671
948225 35191
985 7
983416 992
984408 170
937553789 984578
567770831 371186967
523895789 415644467
639335711 302196681
941532392 496932
671653374 270570373
575135110 368069103
556941077 386514921
894748489 50372701
703601675 242563607
650118632 297916572
669247611 279141603
571137630 378641478
522802444 427945815
754757655 196389494
690238624 262830357
638971698 314492689
636679821 318220054
503959080 451980069
822223211 134417616
567654065 389261668
586938630 371187194
545930744 412321731
669247611 291535786
552948627 408443791
699886254 263272359
564557167 400034306
956640827 8543556
800636937 165512260
515950209 450438795
674320804 293658738
681663264 286601047
671653374 297916572
1767378 6069
2058 222
1773447 2280
1775727 227
969569946 1775954
721296630 250092708
692712853 280255189
661559662 311605191
739809227 234418664
786047633 188752016
967979542 6860515
611219903 364506322
527479017 448876353
814325324 165454108
979779432 237255
745193077 237137999
820882386 162475341
186159 8763
483 33
194922 516
983357727 195438
983553165 496932
737866285 246231776
572494495 412321731
743952123 242581401
846813650 139868371
616836915 371186967
569751818 421347096
677696054 314487075
646604582 345592779
598262901 394069972
778674395 214083958
745193077 249601845
690975359 304488492
699886254 297916572
792050905 206638928
