3128
1 1
2 2
4 4
8 8
16 16
32 32
64 64
128 128
256 256
512 512
1024 1024
2048 2048
4096 4096
8192 8192
16384 16384
32768 32768
32768 8192
2048 512
128 64
32 8
4 2
40960 2560
192 40
43520 232
43752 6
65536 43758
109294 109294
218588 218588
65536 16384
8192 1024
512 64
16 8
81920 9216
576 24
91136 600
91736 4
437176 91740
528916 528916
528916 218588
109294 43758
128 40
8 1
747504 153052
168 9
900556 177
1057832 900733
900733 16384
9216 4096
600 40
9 2
917117 13312
640 11
930429 651
1958565 931080
747504 109294
4096 177
856798 4273
861071 128
2889645 861199
43758 16384
651 6
60142 657
60799 40
3750844 60839
917117 4273
657 64
11 32
921390 721
922111 43
3811683 922154
13312 1024
640 6
14336 646
14982 1
4733837 14983
218588 16384
4273 256
192 24
234972 4529
216 6
239501 222
4748820 239723
239723 91740
16384 512
43 11
331463 16896
348359 54
4988543 348413
1057832 747504
9216 1024
721 32
1805336 10240
753 16
1815576 769
5336956 1816345
931080 91740
9216 192
1022820 9408
1032228 512
7153301 1032740
1816345 91740
1024 769
128 6
1908085 1793
134 16
1909878 150
8186041 1910028
109294 16384
192 16
125678 208
125886 2
10096069 125888
348413 43758
2560 769
9 128
392171 3329
395500 137
10221957 395637
1958565 125888
4529 2048
11 24
2084453 6577
2091030 35
10617594 2091065
331463 13312
576 16
4 1
344775 592
345367 5
12708659 345372
931080 60839
4529 150
5 2
991919 4679
996598 7
13054031 996605
437176 65536
10240 2560
6 192
502712 12800
515512 198
14050636 515710
922154 4679
1024 5
926833 1029
927862 753
14566346 928615
1057832 395637
16896 10240
137 150
1453469 27136
1480605 287
15494961 1480892
1958565 81920
8192 150
2040485 8342
2048827 40
16975853 2048867
1480892 218588
14983 11
1699480 14994
1714474 64
19024720 1714538
437176 4679
7 208
441855 215
20739258 442070
109294 2560
287 5
111854 292
112146 192
21181328 112338
747504 27136
3329 192
774640 3521
778161 2
21293666 778163
442070 16896
6577 150
458966 6727
465693 134
22071829 465827
43520 5
43525 208
22537656 43733
2889645 528916
153052 16896
6727 7
3418561 169948
6734 216
3588509 6950
22581389 3595459
528916 4679
576 8
533595 584
534179 4
26176848 534183
515710 4679
1793 32
520389 1825
522214 16
26711031 522230
2091065 534183
169948 16896
6950 584
2625248 186844
7534 9
2812092 7543
27233261 2819635
239723 81920
2560 256
5 24
321643 2816
324459 29
30052896 324488
395637 7543
292 216
403180 508
30377384 403688
348413 1029
640 32
349442 672
30781072 350114
239723 65536
4679 672
7 16
305259 5351
310610 23
31131186 310633
81920 8342
292 64
35 4
90262 356
90618 39
31441819 90657
778163 40960
1029 232
819123 1261
820384 128
31532476 820512
350114 12800
177 8
362914 185
363099 2
32352988 363101
534183 91740
3521 54
625923 3575
629498 128
32716089 629626
239723 9408
600 24
249131 624
33345715 249755
778163 32768
4273 43
810931 4316
815247 177
33595470 815424
363101 16896
1261 192
379997 1453
381450 2
34410894 381452
534183 27136
1825 185
561319 2010
563329 2
34792346 563331
249755 14994
1261 32
264749 1293
35355677 266042
778163 215
778378 4529
35621719 782907
1480892 27136
54 2
1508028 56
1508084 1
36404626 1508085
629626 65536
1029 64
6 32
695162 1093
696255 38
37912711 696293
2889645 266042
16896 43
3155687 16939
3172626 4096
38609004 3176722
1057832 65536
1093 35
1123368 1128
1124496 2
41785726 1124498
442070 1453
137 177
443523 314
42910224 443837
465827 1293
40 2
467120 42
43354061 467162
3418561 43758
5351 508
3462319 5859
3468178 508
43821223 3468686
218588 4679
5 16
223267 21
47289909 223288
1958565 65536
43 256
2024101 299
47513197 2024400
443523 349442
49537597 792965
1508085 169948
8342 657
1678033 8999
1687032 192
50330562 1687224
223288 2560
150 8
225848 158
226006 4
52017786 226010
266042 24
266066 9216
52243796 275282
350114 6950
137 4
357064 141
52519078 357205
815424 1453
6 16
816877 22
52876283 816899
32768 7543
192 256
40311 448
53693182 40759
10240 11
10251 256
53733941 10507
2091065 467162
54 11
2558227 65
53744448 2558292
2819635 32768
2048 232
2852403 2280
2854683 16
56302740 2854699
112338 314
112652 657
59157439 113309
5336956 820512
16939 1453
6157468 18392
6175860 215
59270748 6176075
27136 4316
29 24
31452 53
65446823 31505
1124498 305259
3575 39
1429757 3614
1433371 150
65478328 1433521
747504 18392
42 5351
765896 5393
66911849 771289
1508085 40759
1548844 314
67683138 1549158
403688 14994
418682 6
69232296 418688
1958565 27136
3329 7
1985701 3336
1989037 128
69650984 1989165
816899 1825
56 35
818724 91
71640149 818815
534183 18392
6950 215
552575 7165
559740 150
72458964 559890
1124498 186844
13312 65
1311342 13377
1324719 576
73018854 1325295
153052 10507
721 16
163559 737
164296 2
74344149 164298
91740 9408
23 292
101148 315
74508447 101463
861199 32768
5859 640
893967 6499
74609910 900466
2625248 169948
8342 222
2795196 8564
2803760 24
75510376 2803784
113309 592
113901 1793
78314160 115694
1816345 18392
141 168
1834737 309
78429854 1835046
418682 2091030
80264900 2509712
1714538 43758
4529 43
1758296 4572
1762868 4
82774612 1762872
443837 13377
35 54
457214 89
84537484 457303
1124498 16939
624 512
1141437 1136
84994787 1142573
1549158 40311
16 2
1589469 18
86137360 1589487
392171 2048
21 128
394219 149
87726847 394368
395637 3614
399251 40
88121215 399291
3750844 2816
91 40
3753660 131
88520506 3753791
502712 8564
216 128
511276 344
92274297 511620
1687224 1136
1688360 1261
92785917 1689621
1142573 43758
14994 91
1186331 15085
1201416 24
94475538 1201440
125888 4679
65 216
130567 281
95676978 130848
2889645 40960
672 216
2930605 888
95807826 2931493
520389 584
520973 222
98739319 521195
1989165 18392
2280 91
2007557 2371
2009928 32
99260514 2009960
399291 2048
134 6
401339 140
101270474 401479
81920 1136
83056 232
101671953 83288
101463 3614
56 64
105077 120
101755241 105197
900733 10507
1453 35
911240 1488
101860438 912728
2091065 43758
1029 40
2134823 1069
102773166 2135892
3176722 43758
5393 287
3220480 5680
3226160 54
104909058 3226214
629626 60839
690465 2
108135272 690467
60839 3336
11 64
64175 75
108825739 64250
4988543 275282
3614 1029
5263825 4643
108889989 5268468
1480892 18392
2371 314
1499284 2685
114158457 1501969
2931493 105197
1488 215
3036690 1703
3038393 54
115660426 3038447
3226214 60799
3287013 109294
118698873 3396307
1124498 10507
150 721
1135005 871
122095180 1135876
18392 5859
40 64
24251 104
123231056 24355
239723 8192
64 4
247915 68
123255411 247983
249755 5859
255614 137
123503394 255751
747504 281
747785 7165
123759145 754950
467162 18392
3329 232
485554 3561
124514095 489115
2135892 350114
5859 512
2486006 6371
2492377 2
125003210 2492379
856798 1093
857891 4
127495589 857895
321643 35
321678 128
128353484 321806
2492379 12800
448 39
2505179 487
128675290 2505666
3226214 32768
1128 7
3258982 1135
131180956 3260117
249755 4679
149 141
254434 290
134441073 254724
515710 208
515918 43
134695797 515961
931080 31505
287 54
962585 341
135211758 962926
239723 4529
244252 1024
136174684 245276
1835046 65536
2048 168
1900582 2216
1902798 4
136419960 1902802
169948 2371
38 54
172319 92
138322762 172411
521195 89
521284 721
138495173 522005
1480892 888
1481780 1136
139017178 1482916
559890 56
559946 1293
140500094 561239
782907 4679
150 54
787586 204
141061333 787790
2135892 83288
2219180 6734
141849123 2225914
2225914 186844
24355 2280
2412758 26635
2439393 192
144075037 2439585
489115 7165
496280 38
146514622 496318
629626 43758
15085 150
673384 15235
688619 64
147010940 688683
2084453 5859
168 4
2090312 172
147699623 2090484
43758 13377
657 4
57135 661
149790107 57796
130848 10507
42 592
141355 634
149847903 141989
2084453 2371
2086824 512
149989892 2087336
1325295 43758
2010 7534
1369053 9544
152077228 1378597
1142573 27136
1293 7
1169709 1300
1171009 54
153455825 1171063
1057832 60839
222 177
1118671 399
154626888 1119070
141989 2048
42 56
144037 98
155745958 144135
3038447 344
3038791 14336
155890093 3053127
1762872 13377
292 32
1776249 324
158943220 1776573
2412758 18392
43 512
2431150 555
160719793 2431705
172411 1293
173704 5351
163151498 179055
310633 1128
311761 2010
163330553 313771
395637 43
395680 177
163644324 395857
1433521 158
1433679 12800
164040181 1446479
3155687 5859
39 292
3161546 331
165486660 3161877
2819635 7543
2827178 6734
168648537 2833912
1186331 9216
11 16
1195547 27
171482449 1195574
1201440 40311
7 192
1241751 199
172678023 1241950
996605 6577
9 16
1003182 25
173919973 1003207
861199 5393
866592 158
174923180 866750
563331 57796
487 216
621127 703
175789930 621830
18392 3614
198 137
22006 335
176411760 22341
144135 4096
91 32
148231 123
176434101 148354
1482916 6950
65 40
1489866 105
176582455 1489971
2509712 43758
65 35
2553470 100
178072426 2553570
2412758 314
2413072 4529
180625996 2417601
563331 10240
573571 43752
183043597 617323
1699480 6577
1706057 600
183660920 1706657
40960 584
41544 256
185367577 41800
324488 4679
329167 657
185409377 329824
502712 6950
91 35
509662 126
185739201 509788
379997 753
380750 600
186248989 381350
345372 1488
346860 769
186630339 347629
418688 16896
435584 4
186977968 435588
1703 192
187413556 1895
1589487 9216
1598703 232
187415451 1598935
1453469 6950
1460419 3521
189014386 1463940
275282 9544
29 215
284826 244
190478326 285070
866750 15085
881835 16
190763396 881851
917117 131
917248 256
191645247 917504
144135 1136
92 24
145271 116
192562751 145387
485554 2816
488370 600
192708138 488970
1003207 5859
1009066 9216
193197108 1018282
1378597 24355
208 2048
1402952 2256
194215390 1405208
2135892 65536
7543 356
2201428 7899
2209327 256
195620598 2209583
40960 215
41175 64
197830181 41239
2225914 65536
199 4679
2291450 4878
197871420 2296328
1910028 4572
1914600 14336
200167748 1928936
1699480 4878
43 168
1704358 211
202096684 1704569
335 5859
203801253 6194
815424 287
815711 651
203807447 816362
403688 14336
39 43
418024 82
204623809 418106
186844 6577
193421 137
205041915 193558
43758 10507
1453 657
54265 2110
205235473 56375
629626 18392
721 232
648018 953
205291848 648971
1589487 2110
1591597 216
205940819 1591813
1549158 6
1549164 512
207532632 1549676
996605 1136
997741 42
209082308 997783
418688 15235
592 6
433923 598
210080091 434521
65536 25
65561 6499
210514612 72060
962926 22341
657 6
985267 663
210586672 985930
2225914 60839
657 651
2286753 1308
211572602 2288061
234972 216
235188 11
213860663 235199
41800 137
41937 32
214095862 41969
418688 56
418744 2010
214137831 420754
4643 576
214558585 5219
696293 32768
646 192
729061 838
214563804 729899
617323 1488
64 16
618811 80
215293703 618891
573571 40311
43 2
613882 45
215912594 613927
65561 4878
54 40
70439 94
216526521 70533
443837 90262
216597054 534099
2225914 10507
89 1293
2236421 1382
217131153 2237803
381452 292
381744 592
219368956 382336
193558 8999
202557 5859
219751292 208416
792965 8342
801307 4096
219959708 805403
467162 1293
468455 14994
220765111 483449
673384 9544
287 198
682928 485
221248560 683413
1835046 24355
657 512
1859401 1169
221931973 1860570
1325295 24355
1488 89
1349650 1577
223792543 1351227
130848 299
131147 3575
225143770 134722
1776573 2216
1778789 871
225278492 1779660
115694 3614
65 43
119308 108
227058152 119416
18392 2685
21077 584
227177568 21661
1057832 43758
5219 24
1101590 5243
1106833 4
227199229 1106837
3176722 18392
2110 54
3195114 2164
3197278 9
228306066 3197287
208416 737
209153 5351
231503353 214504
10507 287
10794 2
231717857 10796
1501969 4572
1506541 64
231728653 1506605
1186331 25
1186356 1793
233235258 1188149
2296328 60839
91 640
2357167 731
234423407 2357898
72060 508
72568 6950
236781305 79518
2558292 21661
177 4
2579953 181
236860823 2580134
1508085 8564
22 35
1516649 57
239440957 1516706
403688 21
403709 6734
240957663 410443
2625248 105197
29 1793
2730445 1822
241368106 2732267
395857 721
396578 2560
244100373 399138
3468686 72568
134 657
3541254 791
244499511 3542045
98 2048
248041556 2146
345372 356
345728 584
248043702 346312
765896 315
766211 2560
248390014 768771
11 4096
249158785 4107
747785 3561
751346 29
249162892 751375
113901 22
249914267 113923
1516706 24355
1793 16
1541061 1809
250028190 1542870
1489971 255751
251571060 1745722
881851 6734
7 64
888585 71
253316782 888656
648971 16939
11 600
665910 611
254205438 666521
534183 15235
126 448
549418 574
254871959 549992
363101 10796
373897 2110
255421951 376007
1311342 5393
32 4
1316735 36
255797958 1316771
629626 12800
128 2
642426 130
257114729 642556
1201440 32768
6499 7
1234208 6506
1240714 54
257757285 1240768
881851 2216
884067 290
258998053 884357
43758 9408
53166 222
259882410 53388
1779660 15235
584 9
1794895 593
259935798 1795488
134722 27
134749 6371
261731286 141120
226010 871
226881 1128
261872406 228009
91136 448
91584 38
262100415 91622
573571 32768
5680 4
606339 5684
262192037 612023
1241950 57796
1299746 158
262804060 1299904
3595459 145387
2146 8
3740846 2154
264103964 3743000
1463940 6950
1470890 657
267846964 1471547
285070 10240
295310 168
269318511 295478
1745722 8342
150 6
1754064 156
269613989 1754220
83288 888
84176 5351
271368209 89527
522230 211
522441 3336
271457736 525777
1598935 2280
1601215 32
271983513 1601247
123 3561
273584760 3684
41969 35
42004 721
273588444 42725
1489971 3575
11 8
1493546 19
273631169 1493565
169948 82
170030 487
275124734 170517
696293 23
275295251 696316
186844 737
187581 4316
275991567 191897
2580134 737
2580871 16939
276183464 2597810
820512 9216
43 40
829728 83
278781274 829811
329167 232
329399 192
279611085 329591
606339 149
606488 4096
279940676 610584
866750 13377
880127 134
280551260 880261
156 1480892
281431521 1481048
179055 2371
24 128
181426 152
282912569 181578
249755 634
250389 1825
283094147 252214
866750 21
866771 13312
283346361 880083
3811683 458966
5219 39
4270649 5258
284226444 4275907
2625248 1822
2627070 24251
288502351 2651321
688619 21
291153672 688640
782907 2816
150 40
785723 190
291842312 785913
2651321 43758
1069 6499
2695079 7568
292628225 2702647
65561 634
66195 737
295330872 66932
148354 856798
295397804 1005152
3811683 181578
2816 23
3993261 2839
3996100 128
296402956 3996228
331463 2216
333679 10507
300399184 344186
264749 640
265389 256
300743370 265645
1601247 32768
1577 2256
1634015 3833
301009015 1637848
753 43520
302646863 44273
1601247 15235
315 672
1616482 987
302691136 1617469
1311342 4878
137 43
1316220 180
304308605 1316400
362914 778163
305625005 1141077
1779660 140
1779800 4096
306766082 1783896
502712 2216
504928 53
308549978 504981
1860570 89
1860659 8999
309054959 1869658
2413072 2146
2415218 1293
310924617 2416511
1201440 2146
1203586 16896
313341128 1220482
3226214 18392
292 721
3244606 1013
314561610 3245619
3753791 1809
3755600 32768
317807229 3788368
1928936 18392
215 54
1947328 269
321595597 1947597
101463 94
101557 1453
323543194 103010
64250 721
323646204 64971
345372 141
345513 192
323711175 345705
6157468 16939
592 168
6174407 760
324056880 6175167
266066 448
266514 646
330232047 267160
866771 10796
1703 177
877567 1880
330499207 879447
1241950 44273
731 5393
1286223 6124
331378654 1292347
1032740 16939
344 646
1049679 990
332671001 1050669
613927 2839
120 314
616766 434
333721670 617200
666521 810931
334338870 1477452
363101 6734
192 4
369835 196
335816322 370031
266514 1024
336186353 267538
329824 169948
336453891 499772
3468686 60839
1029 651
3529525 1680
336953663 3531205
333679 65
333744 2048
340484868 335792
60839 1024
61863 2
340820660 61865
370031 75
370106 314
340882525 370420
91740 8564
158 4
100304 162
341252945 100466
1541061 344
1541405 198
341353411 1541603
399291 21
399312 2010
342895014 401322
1637848 22341
448 38
1660189 486
343296336 1660675
1050669 584
1051253 134
344957011 1051387
509788 287
510075 168
346008398 510243
917504 399
917903 2816
346518641 920719
688640 1809
347439360 690449
72568 94
72662 5393
348129809 78055
313771 888
314659 3329
348207864 317988
57135 356
57491 11
348525852 57502
72662 3833
76495 45
348583354 76540
2256 101148
348659894 103404
1142573 131
1142704 12800
348763298 1155504
2509712 32768
672 287
2542480 959
349918802 2543439
2087336 16
352462241 2087352
2439585 5684
2445269 6
354549593 2445275
648971 57
649028 7543
356994868 656571
606488 216
606704 721
357651439 607425
172319 646
358258864 172965
552575 287
552862 216
358431829 553078
5859 91
5950 23
358984907 5973
10794 21077
358990880 31871
1201440 661
1202101 208
359022751 1202309
2580871 7568
2588439 141
360225060 2588580
1704569 508
362813640 1705077
218588 1680
220268 2560
364518717 222828
2040485 290
2040775 5393
364741545 2046168
829811 170030
366787713 999841
275282 871
276153 672
367787554 276825
187581 222
187803 4
368064379 187807
170030 7
170037 43
368252186 170080
42004 134722
368422266 176726
629626 10794
640420 1382
368598992 641802
5973 917903
369240794 923876
209153 2048
211201 32
370164670 211233
66932 1128
68060 256
370375903 68316
235199 287
235486 134
370444219 235620
1816345 1261
1817606 3329
370679839 1820935
148354 140
148494 3521
372500774 152015
2445275 32768
5 2048
2478043 2053
372652789 2480096
1057832 32768
4878 120
1090600 4998
375132885 1095598
2889645 21661
287 2
2911306 289
376228483 2911595
61865 1069
62934 287
379140078 63221
181578 1577
183155 399
379203299 183554
1292347 6194
1298541 600
379386853 1299141
410443 222
380685994 410665
528916 485
529401 3561
381096659 532962
153052 634
153686 721
381629621 154407
573571 18392
314 1825
591963 2139
381784028 594102
314659 1714538
382378130 2029197
252214 130
384407327 252344
254724 310633
384659671 565357
673384 1069
674453 6727
385225028 681180
2048867 32768
1453 198
2081635 1651
385906208 2083286
255751 181
255932 4316
387989494 260248
410665 83
410748 6734
388249742 417482
1095598 309
1095907 137
388667224 1096044
1009066 8192
134 4
1017258 138
389763268 1017396
782907 27
782934 1793
390780664 784727
629626 6194
635820 22
391565391 635842
900733 959
901692 3521
392201233 905213
9216 185
9401 2
393106446 9403
317988 624
318612 584
393115849 319196
134749 2146
136895 1822
393435045 138717
420754 104
420858 5680
393573762 426538
1325295 2685
1327980 3336
394000300 1331316
1057832 22341
721 651
1080173 1372
395331616 1081545
617323 287
617610 192
396413161 617802
991919 611
992530 3336
397030963 995866
2558292 7899
2566191 5859
398026829 2572050
44273 1261
45534 7543
400598879 53077
1090600 2371
400651956 1092971
1142704 94
1142798 7534
401744927 1150332
41175 14982
402895259 56157
66932 287
67219 134
402951416 67353
2732267 16384
43 24
2748651 67
403018769 2748718
267538 4643
272181 128
405767487 272309
1005152 403180
406039796 1408332
1869658 9403
1879061 2839
407448128 1881900
324459 292
409330028 324751
1745722 7899
215 32
1753621 247
409654779 1753868
276825 1895
278720 624
411408647 279344
399291 403688
411687991 802979
228009 314
228323 1293
412490970 229616
187807 94
187901 2816
412720586 190717
1327980 953
1328933 753
412911303 1329686
5336956 418106
35 256
5755062 291
414240989 5755353
1057832 10796
640 8
1068628 648
419996342 1069276
1299904 1453
1301357 6950
421065618 1308307
68316 324
68640 1128
422373925 69768
84176 3833
88009 838
422443693 88847
235486 5684
422532540 241170
1910028 1293
1911321 128
422773710 1911449
774640 2
424685159 774642
504928 36
425459801 504964
2651321 27136
1680 130
2678457 1810
425964765 2680267
1241950 32768
4316 2816
1274718 7132
428645032 1281850
310633 177
310810 40
429926882 310850
310850 292
311142 177
430237732 311319
754950 2839
757789 651
430549051 758440
1241950 508
1242458 4096
431307491 1246554
1446479 1300
1447779 314
432554045 1448093
426538 2816
429354 640
434002138 429994
152 284826
434432132 284978
5684 731
434717110 6415
729899 731
730630 4096
434723525 734726
1246554 4878
1251432 54
435458251 1251486
394219 64
436709737 394283
829811 2839
314 168
832650 482
437104020 833132
1051387 703
437937152 1052090
1013 528916
438989242 529929
363101 53
363154 1093
439519171 364247
40759 861199
439883418 901958
1706657 1703
1708360 40
440785376 1708400
866771 177
866948 9
442493776 866957
3396307 2839
3399146 2280
443360733 3401426
1660675 9408
1670083 6
446762159 1670089
2833912 10796
1169 584
2844708 1753
448432248 2846461
410748 24
410772 512
451278709 411284
931080 3833
934913 634
451689993 935547
183554 141
183695 2560
452625540 186255
962926 5243
968169 7543
452811795 975712
345367 2
453787507 345369
1101590 3521
1105111 222
454132876 1105333
364247 2839
177 40
367086 217
455238209 367303
901958 7534
455605512 909492
1096044 226010
456515004 1322054
420858 663
421521 584
457837058 422105
4270649 1308
4271957 324
458259163 4272281
1188149 6194
1194343 29
462531444 1194372
532962 292
533254 137
463725816 533391
2702647 27
2702674 2371
464259207 2705045
877567 1136
878703 4
466964252 878707
443837 10507
158 6
454344 164
467842959 454508
621830 1453
623283 721
468297467 624004
734726 7165
150 134
741891 284
468921471 742175
434521 640
435161 9
469663646 435170
861199 98
861297 753
470098816 862050
183155 333679
470960866 516834
57796 27136
471477700 84932
2509712 18392
331 651
2528104 982
471562632 2529086
1311342 4679
91 21
1316021 112
474091718 1316133
1493565 3614
1497179 192
475407851 1497371
962926 2139
965065 4
476905222 965069
833132 172
833304 9408
477870291 842712
113309 900556
478713003 1013865
329824 646
330470 232
479726868 330702
113923 64
480057570 113987
1378597 2110
1380707 1300
480171557 1382007
888656 2560
891216 8
481553564 891224
1092971 1261
1094232 150
482444788 1094382
164298 1822
166120 1024
483539170 167144
3053127 22006
3075133 1488
483706314 3076621
820512 753
821265 600
486782935 821865
380750 584
381334 2
487604800 381336
458966 399
459365 5859
487986136 465224
1489971 98
1490069 1793
488451360 1491862
965069 646
965715 40
489943222 965755
965755 2010
967765 216
490908977 967981
457303 128
457431 4
491876958 457435
357205 2053
359258 1136
492334393 360394
148494 22
148516 1029
492694787 149545
399312 5
399317 128
492844332 399445
144135 43
144178 600
493243777 144778
625923 1488
627411 64
493388555 627475
842712 576
843288 9216
494016030 852504
190717 68316
494868534 259033
1057832 648
1058480 3336
495127567 1061816
1022820 2216
1025036 299
496189383 1025335
1171009 818724
497214718 1989733
109294 1029
110323 600
499204451 110923
935547 15235
950782 6371
499315374 957153
311319 314659
500272527 625978
254434 32768
500898505 287202
1351227 508
1351735 43
501185707 1351778
2795196 6194
9 24
2801390 33
502537485 2801423
345728 23
505338908 345751
920719 299
921018 29
505684659 921047
635842 1651
506605706 637493
1194372 177
1194549 512
507243199 1195061
534183 80
534263 5680
508438260 539943
434 113901
508978203 114335
594102 7132
601234 487
509092538 601721
534263 299
534562 3329
509694259 537891
1124498 5859
1130357 42
510232150 1130399
145387 1093
146480 624
511362549 147104
429994 341
430335 3561
511509653 433896
591963 137
592100 9
511943549 592109
1032740 1128
1033868 1453
512535658 1035321
399317 600
513570979 399917
1311342 1703
1313045 22
513970896 1313067
2091065 92
2091157 3329
515283963 2094486
499772 109294
517378449 609066
382336 6734
389070 600
517987515 389670
768771 1128
769899 215
518377185 770114
403709 1822
405531 663
519147299 406194
376007 345367
519553493 721374
149545 1825
151370 24
520274867 151394
681180 341
681521 120
520426261 681641
115694 314
116008 657
521107902 116665
348413 137
348550 646
521224567 349196
1754220 38
1754258 215
521573763 1754473
1171063 140
1171203 3614
523328236 1174817
418106 192
418298 32
524503053 418330
950782 661
951443 3336
524921383 954779
5973 54
6027 8
525876162 6035
333744 324
334068 1024
525882197 335092
4275907 382336
244 2816
4658243 3060
526217289 4661303
1240768 721
1241489 177
530878592 1241666
1382007 16939
149 1093
1398946 1242
532120258 1400188
311761 487
312248 1136
533520446 313384
295478 7165
287 16
302643 303
533833830 302946
1130399 1453
1131852 584
534136776 1132436
170517 314
170831 1093
535269212 171924
255932 2560
258492 8
535441136 258500
3172626 651
3173277 11
535699636 3173288
618891 216
619107 43
538872924 619150
2732267 14994
2747261 128
539492074 2747389
2889645 18392
888 640
2908037 1528
542239463 2909565
1316771 1293
1318064 2048
545149028 1320112
1378597 357205
546469140 1735802
1703 381452
548204942 383155
1132436 1136
1133572 198
548588097 1133770
4988543 211233
703 64
5199776 767
549721867 5200543
45534 6415
51949 67
554922410 52016
2431705 2164
2433869 5351
554974426 2439220
1372 381744
557413646 383116
1135 64
557796762 1199
370420 140
370560 3329
557797961 373889
696316 6727
703043 16384
558171850 719427
627475 9
627484 600
558891277 628084
187803 1057832
559519361 1245635
32768 222
32990 576
560764996 33566
305259 292
305551 134
560798562 305685
222828 489115
561104247 711943
90618 753
561816190 91371
6027 1322054
561907561 1328081
5973 78055
563235642 84028
324459 125678
563319670 450137
116665 624
117289 753
563769807 118042
335792 552575
563887849 888367
511620 1308
512928 331
564776216 513259
489115 485
489600 5351
565289475 494951
302946 1261
304207 8
565784426 304215
1035321 324488
566088641 1359809
110923 305259
567448450 416182
45534 177
45711 2048
567864632 47759
1081545 7165
1088710 1793
567912391 1090503
3595459 1382
3596841 6734
569002894 3603575
287202 5859
9 40
293061 49
572606469 293110
348550 344
348894 42
572899579 348936
91740 5
91745 640
573248515 92385
1013865 140
1014005 2010
573340900 1016015
170517 5
170522 232
574356915 170754
758440 5684
128 16
764124 144
574527669 764268
625978 1029
627007 54
575291937 627061
683413 94
683507 4529
575918998 688036
349196 134
349330 8
576607034 349338
539943 3614
543557 9
576956372 543566
601721 1106833
577499938 1708554
635842 871
636713 672
579208492 637385
1516706 18392
1453 584
1535098 2037
579845877 1537135
2237803 33566
2371 2048
2271369 4419
581383012 2275788
33566 335
33901 2048
583658800 35949
1880 861071
583694749 862951
1405208 600
1405808 6
584557700 1405814
131147 2010
133157 721
585963514 133878
211233 309
211542 2048
586097392 213590
42725 5393
586310982 48118
223288 67
223355 2053
586359100 225408
3260117 5243
3265360 89
586584508 3265449
181426 134
589849957 181560
48118 1093
49211 769
590031517 49980
539943 292
540235 208
590081497 540443
730630 2139
732769 703
590621940 733472
272309 232
272541 2
591355412 272543
666521 6577
673098 222
591627955 673320
229616 648
230264 4316
592301275 234580
223355 312248
592535855 535603
649028 1651
650679 2048
593071458 652727
117289 6499
593724185 123788
443837 152
443989 2371
593847973 446360
553078 2256
555334 341
594294333 555675
350114 2685
352799 753
594850008 353552
563331 1069
564400 141
595203560 564541
1433679 7132
1440811 3561
595768101 1444372
364247 1136
365383 54
597212473 365437
494951 68
495019 651
597577910 495670
3287013 33901
222 600
3320914 822
598073580 3321736
141355 292
141647 5
601395316 141652
559946 1069
561015 22
601536968 561037
2695079 791
2695870 198
602098005 2696068
2219180 292
2219472 5
604794073 2219477
3603575 68060
3671635 2164
607013550 3673799
483449 4
610687349 483453
1637848 13377
657 11
1651225 668
611170802 1651893
2040775 27
2040802 2216
612822695 2043018
15235 324
15559 584
614865713 16143
821865 1825
823690 640
614881856 824330
435588 24
435612 512
615706186 436124
3603575 10796
624 753
3614371 1377
616142310 3615748
880261 1069
881330 7
619758058 881337
520389 309
520698 185
620639395 520883
324 2685
621160278 3009
260248 880127
621163287 1140375
125888 65
125953 4316
622303662 130269
167144 19
622433931 167163
401339 223267
622601094 624606
504981 15085
623225700 520066
44273 215
623745766 44488
996605 7
996612 216
623790254 996828
673098 88009
624787082 761107
255932 2216
258148 56
625548189 258204
279344 1822
281166 2110
625806393 283276
1549676 31505
185 64
1581181 249
626089669 1581430
1549676 624
1550300 2816
627671099 1553116
833304 3684
836988 4643
629224215 841631
1758296 1453
1759749 646
630065846 1760395
520698 39
520737 40
631826241 520777
1331316 16939
1136 215
1348255 1351
632347018 1349606
703043 8342
39 64
711385 103
633696624 711488
516834 1135
517969 1093
634408112 519062
2748718 83
2748801 14983
634927174 2763784
103010 1316735
637690958 1419745
1090600 331
1090931 657
639110703 1091588
565357 141
565498 4273
640202291 569771
1251486 13377
1264863 29
640772062 1264892
433923 116
642036954 434039
133157 629626
642470993 762783
957153 641802
643233776 1598955
173704 1136
174840 1825
644832731 176665
244252 487
645009396 244739
1124498 43520
645254135 1168018
329591 703
646422153 330294
1351778 448
1352226 4
646752447 1352230
2237803 593
2238396 32768
648104677 2271164
141355 348359
650375841 489714
72662 24
72686 2048
650865555 74734
1880 347629
650940289 349509
510075 1022820
651289798 1532895
176665 344
652822693 177009
1402952 1029
1403981 24
652999702 1404005
674453 35
674488 128
654403707 674616
1958565 16384
341 120
1974949 461
655078323 1975410
3197287 488970
657053733 3686257
833304 485
833789 2816
660739990 836605
230264 53
230317 2560
661576595 232877
2296328 33901
1136 287
2330229 1423
661809472 2331652
787790 791
788581 1293
664141124 789874
2135892 26635
2162527 13377
664930998 2175904
1331316 13377
1344693 128
667106902 1344821
220268 753
221021 6
668451723 221027
131147 42
131189 1453
668672750 132642
935547 105
935652 1793
668805392 937445
2225914 6124
2232038 19
669742837 2232057
83288 292
83580 198
671974894 83778
399251 10507
672058672 409758
3996228 154407
646 4096
4150635 4742
672468430 4155377
399917 292
400209 640
676623807 400849
2439585 1300
2440885 3614
677024656 2444499
76540 120
679469155 76660
31871 508
32379 287
679545815 32666
1497371 204
679578481 1497575
164298 54
164352 222
681076056 164574
1516706 13377
53 215
1530083 268
681240630 1530351
893967 634
894601 2560
682770981 897161
105197 600
105797 192
683668142 105989
766211 399
766610 1300
683774131 767910
1264892 324
1265216 5393
684542041 1270609
2505666 222
2505888 256
685812650 2506144
399917 499772
688318794 899689
1617469 2256
1619725 4316
689218483 1624041
1105333 600
1105933 64
690842524 1105997
1069276 150
1069426 4
691948521 1069430
281166 769
281935 222
693017951 282157
6176075 495670
6671745 454508
693300108 7126253
592109 430335
700426361 1022444
995866 208416
701448805 1204282
389070 512
389582 32
702653087 389614
789874 131
790005 2816
703042701 792821
170080 672
703835522 170752
56 43525
704006274 43581
1689621 7165
1696786 1453
704049855 1698239
66932 222
67154 6
705748094 67160
1776573 98
1776671 672
705815254 1777343
446360 1382
447742 576
707592597 448318
1096044 6
1096050 40
708040915 1096090
762783 267160
709137005 1029943
114335 54
114389 64
710166948 114453
101557 130
710281401 101687
290 218588
710383088 218878
383155 737
383892 35
710601966 383927
2029197 299
2029496 128
710985893 2029624
1581430 2154
1583584 2280
713015517 1585864
3542045 42004
222 9
3584049 231
714601381 3584280
1382007 1488
1383495 13377
718185661 1396872
1025335 2164
1027499 838
719582533 1028337
1195574 2
1195576 1
720610870 1195577
435170 962585
721806447 1397755
3811683 167163
281 1293
3978846 1574
723204202 3980420
1372 1516649
727184622 1518021
2291450 344
2291794 721
728702643 2292515
7165 150
730995158 7315
833789 1809
835598 158
731002473 835756
18392 1577
19969 123
731838229 20092
2175904 21661
2197565 871
731858321 2198436
897161 32
734056757 897193
16939 344
17283 576
734953950 17859
170754 649028
734971809 819782
154407 2685
157092 600
735791591 157692
49980 657
50637 192
735949283 50829
133878 252214
736000112 386092
968169 27
968196 6577
736386204 974773
279344 769
280113 128
737360977 280241
2627070 1703
2628773 592
737641218 2629365
1124498 791
1125289 2371
740270583 1127660
1106837 5684
150 11
1112521 161
741398243 1112682
467120 508
742510925 467628
1069276 83288
742978553 1152564
3245619 6124
3251743 4273
744131117 3256016
774642 1793
776435 646
747387133 777081
228009 60839
748164214 288848
357205 1293
358498 753
748453062 359251
133878 356
134234 198
748812313 134432
1168018 137
1168155 721
748946745 1168876
410443 9
410452 192
750115621 410644
1616482 215
1616697 35
750526265 1616732
358498 223288
752142997 581786
176665 27
752724783 176692
1203586 70533
752901475 1274119
399138 225848
754175594 624986
335792 4643
340435 16
754800580 340451
2091157 737
2091894 651
755141031 2092545
703043 177
703220 6
757233576 703226
569771 198
569969 8
757936802 569977
1251432 170037
758506779 1421469
4275907 1382
4277289 193421
759928248 4470710
1585864 56
1585920 356
764398958 1586276
193558 1528
195086 2146
765985234 197232
35949 53
36002 4096
766182466 40098
285070 661
285731 309
766222564 286040
226881 871
227752 91
766508604 227843
13377 362914
766736447 376291
147104 9
147113 64
767112738 147177
416182 7
767259915 416189
399138 629498
767676104 1028636
3468686 54265
508 168
3522951 676
768704740 3523627
132642 208
132850 150
772228367 133000
1637848 120
1637968 1793
772361367 1639761
57796 1093
58889 5
774001128 58894
997783 1029
998812 168
774060022 998980
91622 640
775059002 92262
1689621 3009
1692630 217
775151264 1692847
805403 104
805507 1261
776844111 806768
721374 4742
726116 103
777650879 726219
92262 409758
778377098 502020
4277289 136895
1069 287
4414184 1356
778879118 4415540
68060 9
783294658 68069
1313045 1835046
783362727 3148091
442070 838
442908 172
786510818 443080
27136 4107
31243 116
786953898 31359
22006 2685
786985257 24691
113923 43
113966 9
787009948 113975
1174817 593
1175410 3575
787123923 1178985
2444499 70439
788302908 2514938
26635 287
26922 8
790817846 26930
703226 3833
707059 315
790844776 707374
1553116 1423
1554539 18392
791552150 1572931
2439585 584
2440169 222
793125081 2440391
1706657 356
1707013 177
795565472 1707190
2275788 38
2275826 1024
797272662 2276850
157692 309
158001 512
799549512 158513
504981 356
505337 6
799708025 505343
543566 555
544121 3336
800213368 547457
1429757 1488
1431245 168
800760825 1431413
258500 152
802192238 258652
1754473 56
1754529 54
802450890 1754583
5950 561239
804205473 567189
4277289 27136
1488 1453
4304425 2941
804772662 4307366
410644 574
809080028 411218
214504 287
214791 216
809491246 215007
335792 2110
337902 53
809706253 337955
1624041 140
1624181 6727
810044208 1630908
72568 1261
811675116 73829
1460419 1382
1461801 215
811748945 1462016
573571 5
573576 4529
813210961 578105
1246554 3575
1250129 651
813789066 1250780
389582 169948
815039846 559530
149545 89
149634 38
815599376 149672
1088710 22
1088732 1261
815749048 1089993
3996228 1242
3997470 43733
816839041 4041203
833304 729061
820880244 1562365
555334 838
822442609 556172
674616 5351
679967 198
822998781 680165
3596841 6506
3603347 53
823678946 3603400
41544 56
41600 39
827282346 41639
737 125678
827323985 126415
310850 63221
827450400 374071
1331316 7315
1338631 1577
827824471 1340208
376291 216
376507 721
829164679 377228
2219477 3561
2223038 208
829541907 2223246
3468686 487
3469173 1128
831765153 3470301
337955 19969
835235454 357924
377228 1093
378321 4
835593378 378325
68060 418688
835971703 486748
564400 202557
836458451 766957
1188149 231
1188380 3833
837225408 1192213
70533 292
70825 600
838417621 71425
627007 754950
838489046 1381957
377228 1168876
839871003 1546104
382336 16
841417107 382352
158001 564400
841799459 722401
211233 208
211441 2
842521860 211443
249755 89
249844 35
842733303 249879
2094486 598
2095084 24355
842983182 2119439
4988543 4643
4993186 4316
845102621 4997502
136895 356
137251 198
850100123 137449
499772 65
499837 177
850237572 500014
289 996605
850737586 996894
802979 208416
851734480 1011395
1178985 1453
1180438 185
852745875 1180623
1383495 36
1383531 13312
853926498 1396843
88847 57491
855323341 146338
113987 72662
855469679 186649
1125289 1093
1126382 356
855656328 1126738
36002 535603
856783066 571605
68316 19
857354671 68335
21077 520389
857423006 541466
761107 65
857964472 761172
113923 245276
858725644 359199
1175410 2839
24 64
1178249 88
859084843 1178337
276153 356
276509 215
860263180 276724
1251486 1382
1252868 6371
860539904 1259239
1061816 156
1061972 3614
861799143 1065586
314659 225848
862864729 540507
340451 584
341035 6
863405236 341041
418744 672
419416 208
863746277 419624
951443 399
951842 2048
864165901 953890
666521 1825
668346 43
865119791 668389
2357898 42004
2399902 98
865788180 2400000
2296328 1300
2297628 6734
868188180 2304362
810931 112
811043 1453
870492542 812496
5219 401479
871305038 406698
10796 324
11120 871
871711736 11991
593 1136
871723727 1729
1477452 198
1477650 1793
871725456 1479443
792965 2048
795013 32
873204899 795045
535603 35
535638 721
873999944 536359
771289 3336
774625 8
874536303 774633
221027 674488
875310936 895515
41175 56
876206451 41231
529929 22006
876247682 551935
386092 126
386218 888
876799617 387106
509788 185
509973 2
877186723 509975
1383531 12800
356 23
1396331 379
877696698 1396710
866957 6506
873463 53
879093408 873516
133000 1168876
879966924 1301876
784727 871
881268800 785598
215007 661
215668 2685
882054398 218353
665910 576
666486 2
882272751 666488
703043 624004
882939239 1327047
681180 193421
884266286 874601
534562 982
885140887 535544
324751 215
324966 128
885676431 325094
83778 584
886001525 84362
130848 137
886085887 130985
61863 4
886216872 61867
592109 56
592165 356
886278739 592521
2175904 6194
2182098 4878
886871260 2186976
280113 167163
889058236 447276
51949 9401
889505512 61350
824330 634
824964 4679
889566862 829643
147113 624
890396505 147737
215668 314
215982 600
890544242 216582
90262 9
90271 32
890760824 90303
2371 32768
890851127 35139
1274718 83
1274801 4096
890886266 1278897
234580 324
892165163 234904
101148 91
892400067 101239
319196 1793
320989 6
892501306 320995
11120 26922
892822301 38042
1581181 7132
892860343 1588313
482 496318
894448656 496800
703226 508
703734 1793
894945456 705527
14336 314
14650 40
895650983 14690
130269 53
130322 64
895665673 130386
1127660 1029
895796059 1128689
912728 2816
915544 640
896924748 916184
416189 150
416339 1024
897840932 417363
2175904 52016
898258295 2227920
1201416 9
900486215 1201425
113923 21077
901687640 135000
226881 56
226937 29
901822640 226966
157092 17283
902049606 174375
553078 1680
902223981 554758
592109 112
902778739 592221
802979 2164
805143 8
903370960 805151
962926 89
963015 315
904176111 963330
901958 753
905139441 902711
703220 132642
906042152 835862
836988 1242458
906878014 2079446
1585864 101687
908957460 1687551
1328081 314
1328395 512
910645011 1328907
683507 395857
911973918 1079364
141989 1382
143371 172
913053282 143543
137251 1133770
913196825 1271021
902711 1130357
914467846 2033068
149672 313384
916500914 463056
833789 299
834088 40
916963970 834128
1423 31505
917798098 32928
2182098 3614
2185712 56
917831026 2185768
975712 292
976004 8
920016794 976012
382352 232
382584 256
920992806 382840
696316 1809
921375646 698125
101239 805403
922073771 906642
1947597 663
1948260 4316
922980413 1952576
1022820 315
1023135 1825
924932989 1024960
1142798 2280
1145078 1293
925957949 1146371
88 520737
927104320 520825
494951 510075
927625145 1005026
3336 2048
928630171 5384
6176075 133878
43 177
6309953 220
928635555 6310173
3076621 4316
3080937 287
934945728 3081224
881851 24355
938026952 906206
133878 1820935
938933158 1954813
3287013 315
3287328 177
940887971 3287505
69768 91584
944175476 161352
648 228009
944336828 228657
1777343 329824
944565485 2107167
5755353 211443
5966796 5684
946672652 5972480
666486 985267
952645132 1651753
1783896 5973
1789869 356
954296885 1790225
824964 4419
64 8
829383 72
956087110 829455
592100 1382
956916565 593482
321806 314
322120 2048
957510047 324168
161352 2110
163462 65
957834215 163527
1601247 2560
1603807 2
957997742 1603809
2480096 43
2480139 4
959601551 2480143
92385 3833
96218 5
962081694 96223
1128 16
962177917 1144
78055 1382
79437 4
962179061 79441
7315 193558
962258502 200873
823690 287
823977 134
962459375 824111
88009 222
88231 232
963283486 88463
976012 5973
981985 1453
963371949 983438
137449 53166
964355387 190615
108 443837
964546002 443945
824964 108
825072 3614
964989947 828686
964989947 1338631
3603400 60142
966328578 3663542
1359809 2110
1361919 9
969992120 1361928
157692 601721
971354048 759413
457435 1136
458571 299
972113461 458870
2304362 67
2304429 22006
972572331 2326435
21077 1
974898766 21078
228657 91
228748 256
974919844 229004
18392 3521
975148848 21913
2135892 9403
2145295 5393
975170761 2150688
832650 292
832942 9
977321449 832951
58894 239501
978154400 298395
525777 1069
526846 22
978452795 526868
2680267 4273
2684540 24
978979663 2684564
197232 190
197422 2816
981664227 200238
153686 3614
981864465 157300
349442 651
982021765 350093
426538 15235
982371858 441773
76660 1308
982813631 77968
96223 3575
99798 198
982891599 99996
119416 399
119815 2560
982991595 122375
2445275 112
2445387 1453
983113970 2446840
1329686 172
985560810 1329858
83056 65536
986890668 148592
1815576 292
1815868 177
987039260 1816045
1220482 6727
1227209 721
988855305 1227930
1128689 1313045
990083235 2441734
347629 2048
992524969 349677
27136 871
28007 53
992874646 28060
2150688 6194
2156882 341
992902706 2157223
2931493 21078
54 512
2952571 566
995059929 2953137
216582 170517
998013066 387099
862050 222
862272 128
998400165 862400
515961 113309
999262565 629270
