1594
1 1
2 2
4 4
8 8
16 16
32 32
64 64
128 128
256 256
512 512
1024 1024
2048 2048
4096 4096
8192 8192
16384 16384
32768 32768
65536 65536
131072 131072
262144 262144
512 16
4 1
528 5
1024 533
256 128
64 32
384 96
480 4
2048 484
128 64
5 2
192 7
2532 199
533 256
32 1
789 33
2731 822
199 32
231 16
3553 247
1024 256
32 4
1280 36
4096 1316
822 128
7 8
950 15
5412 965
1557 231
1788 5
6377 1793
2731 256
96 4
2987 100
8192 3087
2048 199
2247 199
11279 2446
100 16
8 2
116 10
13725 126
36 789
13851 825
1024 192
1216 16
14676 1232
256 4
16384 260
13851 3087
822 96
16938 918
533 36
569 128
17856 697
1316 36
15 7
1352 22
18553 1374
1557 1
19927 1558
384 10
394 64
21485 458
569 10
579 32
21943 611
2731 64
2 1
2795 3
22554 2798
260 10
270 64
25352 334
1024 64
22 5
1088 27
25686 1115
789 8
797 4
26801 801
116 64
27602 180
100 8
108 1
27782 109
16 1
32768 17
2048 128
32 8
2176 40
32785 2216
2048 33
2081 2
35001 2083
199 2
37084 201
2081 109
37285 2190
512 8
39475 520
201 8
209 1
39995 210
789 2
40205 791
22 36
40996 58
199 96
41054 295
116 32
41349 148
965 17
982 33
41497 1015
3800 192
3992 5
42512 3997
611 1788
46509 2399
199 384
48908 583
2083 17
2100 33
49491 2133
2532 512
51624 3044
22 199
54668 221
10 965
54889 975
533 8
55864 541
54668 2216
39475 18553
520 1793
58028 2313
109 231
60341 340
17 334
60681 351
192 16
61032 208
3087 180
3267 2
61240 3269
208 32
65536 240
1088 247
65776 1335
247 192
67111 439
1280 8
1288 4
67550 1292
611 15
626 36
68842 662
791 100
69504 891
68842 1557
583 3087
70399 3670
2399 4
2403 2
74069 2405
334 569
76474 903
199 16
77377 215
108 192
77592 300
209 270
77892 479
77892 520
520 1
78412 521
7 1024
78933 1031
126 384
79964 510
221 1216
80474 1437
58 1216
81911 1274
1374 16
83185 1390
384 5
84575 389
1024 16
84964 1040
86004 479
86004 484
27 126
86488 153
801 1374
86641 2175
458 394
88816 852
3 256
89668 259
256 1
89927 257
697 2446
90184 3143
33 128
93327 161
7 512
93488 519
260 15
94007 275
789 16
94282 805
480 256
95087 736
7 128
95823 135
240 533
95958 773
541 295
96731 836
260 199
97567 459
3670 384
98026 4054
199 1024
102080 1223
260 822
103303 1082
1557 2
104385 1559
825 384
105944 1209
295 108
107153 403
135 7
142 4
107556 146
86483 21485
15 480
107968 495
520 33
108463 553
107153 2795
109948 257
109 96
110205 205
77892 32785
1232 484
110677 1716
1216 36
112393 1252
40 2048
113645 2088
113645 2405
1280 192
116050 1472
199 484
117522 683
822 2
118205 824
2731 1
119029 2732
2403 1558
121761 3961
58 32
125722 90
90 108
125812 198
108 1793
126010 1901
1209 1088
127911 2297
15 4
130208 19
130208 583
295 789
131072 1084
221 950
132156 1171
1084 697
133327 1781
15 789
135108 804
231 192
135912 423
136335 199
19 58
136534 77
136335 384
512 32
136719 544
1015 918
137263 1933
2798 126
139196 2924
528 1
142120 529
115733 27891
797 22
143624 819
975 201
144443 1176
143624 2175
3 247
145799 250
22 100
146049 122
533 528
146171 1061
950 96
147232 1046
2399 128
148278 2527
40 22
150805 62
150805 1252
132156 19927
150867 1316
351 394
152183 745
340 8
152928 348
27 334
153276 361
146 33
153637 179
152057 2176
153816 662
33 192
154478 225
4096 903
4999 40
154703 5039
3992 528
159742 4520
127911 41349
773 480
169260 1253
394 192
170513 586
512 4
171099 516
260 8
171615 268
171099 819
171918 553
58 96
172471 154
172625 259
10 512
172884 522
172625 2216
192 533
174841 725
3267 295
175566 3562
142120 37084
260 2048
179204 2308
58 801
181512 859
182371 484
150867 37084
2732 2795
187951 5527
950 33
193478 983
1084 520
194461 1604
210 458
196065 668
36 231
196733 267
1316 64
197000 1380
77 10
198380 87
116 15
198467 131
198598 153
173406 25352
197000 2176
198758 1274
2247 8
200032 2255
2216 1
202287 2217
2795 231
204504 3026
260 528
207530 788
231 2731
208318 2962
458 2
211280 460
161 17
211740 178
180 33
211918 213
211918 553
211280 1352
58 918
212632 976
125812 88816
214628 583
214628 1088
179128 37285
2732 773
216413 3505
1115 2048
219918 3163
789 484
223081 1273
223081 2255
1015 950
225336 1965
210 512
227301 722
965 480
228023 1445
229468 1292
697 1232
230760 1929
230760 3087
208 579
233847 787
232689 2795
235484 516
201 10
236000 211
510 1031
236211 1541
32 16
237752 48
116 33
237800 149
109 256
237949 365
237800 520
2190 180
238320 2370
2924 256
240690 3180
918 100
243870 1018
48 3997
244888 4045
248933 250
351 512
249183 863
626 58
250046 684
512 1
250730 513
579 10
251243 589
251832 479
2987 33
252311 3020
100 15
255331 115
394 15
255446 409
255855 423
852 1352
256278 2204
2313 22
258482 2335
255855 5039
260817 210
259 510
261027 769
16 4
262144 20
261027 1558
261027 1933
1216 480
262960 1696
260894 3992
100 484
264886 584
439 33
265470 472
262960 4096
109 579
267056 688
1292 611
267744 1903
17 918
269647 935
3 480
270582 483
169260 102080
271065 384
145799 126010
7 32
271809 39
40 950
271848 990
96 2048
272838 2144
384 528
274982 912
27 1558
275894 1585
210 260
277479 470
270582 8170
96 2
278752 98
278850 201
265470 16384
208 22
281854 230
281854 522
458 1557
282376 2015
27 128
284391 155
822 480
284546 1302
285848 146
285994 965
286959 257
662 1374
287216 2036
697 33
289252 730
579 1024
289982 1603
626 240
291585 866
260 116
292451 376
2527 1209
292827 3736
10 15
296563 25
519 1557
296588 2076
2798 611
298664 3409
1088 33
302073 1121
662 208
303194 870
791 484
304064 1275
249183 56405
303194 3553
520 201
306747 721
307468 480
1088 1232
307948 2320
307948 2370
3044 192
310318 3236
480 1
313554 481
314035 90
180 2
314125 182
313554 1390
2088 1558
314944 3646
1793 128
318590 1921
334 270
320511 604
321115 257
321372 1288
322660 1352
2133 22
324012 2155
322660 3553
205 240
326213 445
230760 96731
179128 150805
22 789
329933 811
1115 528
330744 1643
179204 153637
579 950
332841 1529
332841 2446
153 1040
335287 1193
40 611
336480 651
197000 142120
1335 16
339120 1351
270582 70395
340977 334
194461 148278
237949 105944
180 3
343893 183
343893 275
1316 247
344168 1563
344076 2100
1084 2532
346176 3616
260 1316
349792 1576
351368 334
351368 479
460 1274
351847 1734
2795 1352
353581 4147
1559 583
357728 2142
96 16
359870 112
357728 2405
351 1374
360133 1725
1040 40
361858 1080
204504 159742
364246 348
364594 22
364246 1576
583 822
365822 1405
982 789
367227 1771
15 1280
368998 1295
198598 171883
3 96
370481 99
370481 510
370481 982
370481 1040
370991 688
1176 662
371679 1838
373517 142
1316 7
373659 1323
825 8
374982 833
375815 513
22 128
376328 150
376328 484
376328 2155
375815 3087
378902 115
378483 579
378902 668
379570 688
379062 1472
662 96
380534 758
379062 3180
286959 95958
295 1088
382917 1383
569 231
384300 800
215 533
385100 748
1557 64
385848 1621
569 1788
387469 2357
236211 153816
584 3020
390027 3604
275894 118205
394099 1921
247 4
396020 251
135 300
396271 435
271065 136534
407599 626
407599 721
2731 384
408320 3115
209 247
411435 456
109 192
411891 301
351 1280
412192 1631
192 1
413823 193
22 528
414016 550
2313 116
414566 2429
262960 154478
533 2
417438 535
379570 40205
300 128
419775 428
416995 3736
420203 1046
370293 51624
247 1
421917 248
33 384
422165 417
918 1280
422582 2198
424780 2100
221 192
426880 413
736 2403
427293 3139
96 5
430432 101
430533 96
430629 982
210 1216
431611 1426
340471 93327
192 5
433798 197
223081 212471
433798 2732
433037 4045
292827 146171
438998 268
270 96
439266 366
210 109
439632 319
205 108
439951 313
436530 3992
126 965
440522 1091
439951 2144
240 611
442095 851
365822 77592
142 5
443414 147
250046 194461
1015 64
444507 1079
421249 25352
208 918
446601 1126
334 4
447727 338
267056 182371
310268 142120
335287 117522
126 247
452809 373
2176 16
453182 2192
439632 15908
455374 512
371463 88816
460279 40
262164 198467
442946 17856
5 8
460802 13
460631 205
420203 41054
201 569
461257 770
116 192
462027 308
460279 2133
422165 41054
462335 2176
520 3
464511 523
465034 126
109 2048
465160 2157
271449 197000
825 16
468449 841
270 7
469290 277
469567 1838
801 7
471405 808
336480 135912
2403 295
472392 2698
349792 125722
381292 94282
475574 1557
40 126
477131 166
148 22
477297 170
1437 208
477467 1645
569 918
479112 1487
480599 36
146 148
480635 294
480635 2731
357728 125812
334 512
483540 846
300 208
484386 508
180 256
484894 436
270 100
485330 370
484386 2190
2133 27
486576 2160
462027 27891
126 528
489918 654
205 1788
490572 1993
153 4
492565 157
492722 852
378483 115733
440522 56884
255446 244888
33 199
500334 232
109 789
500566 898
40 180
501464 220
279051 223081
126 100
502132 226
161 10
502358 171
417973 84964
825 950
502937 1775
502529 2446
1781 109
504975 1890
504712 2297
611 5
507009 616
247 5
507625 252
33 5
507877 38
507625 1933
509558 589
509558 3800
513358 376
513734 1993
1316 32
515727 1348
517075 126
305339 211918
458 260
517257 718
448065 70395
1232 2532
518460 3764
423 10
522224 433
413823 110205
481 3961
524288 4442
36 247
528730 283
529013 208
529013 1253
412192 118205
579 231
530397 810
361858 172884
469290 65536
534742 851
126 192
535593 318
240 2399
535911 2639
326167 212471
36 822
538638 858
1716 259
539496 1975
289982 251832
108 260
541814 368
541471 1775
458 231
543246 689
504712 40996
396020 150867
247 484
546887 731
199 512
547618 711
351 2795
548329 3146
551475 215
548329 4096
965 528
552425 1493
1558 96
553918 1654
553918 2527
161 210
556445 371
447727 109948
557675 651
58 3
558326 61
439951 119029
801 33
558980 834
90 5
559814 95
558980 1280
558980 1645
558387 3553
15 256
561940 271
27 1024
562211 1051
247 533
563262 780
349792 215211
447727 117522
284546 282084
566630 731
22 32
567361 54
565003 2795
567361 1176
126 64
568537 190
108 256
568727 364
518460 51624
439951 130208
371521 198751
295 520
570272 815
697 15
571087 712
344076 228023
135 1793
572099 1928
180 260
574027 440
394 8
574467 402
574869 96
322660 252311
1380 2100
574971 3480
394 4
578451 398
445586 136534
578451 4442
96 528
582893 624
568727 16384
2083 27
585111 2110
1288 3
587221 1291
611 484
588512 1095
569 33
589607 602
590209 1604
1437 260
591813 1697
326213 267744
1232 2
593957 1234
346176 249183
583 1280
595359 1863
33 1024
597222 1057
595191 5527
240 822
600718 1062
22 384
601780 406
420731 181512
3961 15
602243 3976
109 16
606219 125
458 256
606344 714
529013 78371
461257 148278
2313 394
609535 2707
533 64
612242 597
442946 171615
2081 17
614561 2098
965 15
616659 980
965 5
617639 970
128 2
618609 130
617639 1351
1232 5
618990 1237
295 3
620227 298
58 27
620525 85
1288 5
620610 1293
662 1216
621903 1878
513358 110677
314035 310318
624035 428
624463 688
624035 2924
27 260
626959 287
382917 244888
480 384
627805 864
539496 89668
458 1316
629164 1774
108 528
630938 636
628669 3604
529221 104385
485330 148278
891 270
633608 1161
633608 1654
199 4
635262 203
108 5
635465 113
635262 2190
950 192
637452 1142
108 569
638594 677
517975 121761
801 797
639736 1598
201 17
641334 218
568537 74069
270 4
642606 274
641334 1558
458 199
642892 657
643549 1288
2247 1788
644837 4035
479 96
648872 575
649447 2
648872 758
649449 1316
572099 78933
633608 19927
578849 78412
507915 152057
221 201
659972 422
27 33
660394 60
256 64
660454 320
620610 41054
661664 479
1374 480
662143 1854
199 480
663997 679
40 36
664676 76
664752 112
664864 1352
1280 64
666216 1344
201 108
667560 309
534826 133327
380258 289252
116 533
669510 649
501464 169260
670159 819
667869 3800
891 520
671669 1411
670724 3997
736 1274
674721 2010
90 2
676731 92
697 32
676823 729
2403 2446
677552 4849
3269 340
682401 3609
148 1316
686010 1464
1115 3
687474 1118
688592 722
349792 340471
579 96
690263 675
664676 26801
2795 1558
691477 4353
1115 611
695830 1726
3 458
697556 461
27 697
698017 724
695830 3736
1015 27
699566 1042
116 2048
700608 2164
651032 54668
705700 535
1216 33
706235 1249
707484 113
707597 25
707622 365
707987 684
706235 2532
797 1280
708767 2077
1088 458
710844 1546
1088 789
712390 1877
153 36
714267 189
714456 203
509558 207530
566630 150867
109 822
717497 931
609535 109016
192 2048
718551 2240
642880 78371
568537 152928
697 16
721465 713
721465 1091
467317 255446
720791 2015
722806 864
722178 1598
639271 84964
723670 1316
64 8
724986 72
723776 2707
555572 171099
116 1316
726671 1432
502937 225336
726483 2798
1088 10
729281 1098
40 458
730379 498
714267 16938
730379 1621
17 33
732000 50
732000 422
732422 579
10 16
733001 26
732050 1901
732050 3163
732000 3562
965 8
735562 973
735213 2446
2308 662
737659 2970
740629 1051
373517 368998
570084 172471
741680 1040
385100 357728
533 512
742828 1045
743873 722
520 128
744595 648
389 2216
745243 2605
389 16
747848 405
480 512
748253 992
641552 107702
749245 866
749254 976
483540 267056
750230 903
751133 295
750596 1018
340 975
751614 1315
612242 142120
612242 143624
394 2048
755866 2442
758308 179
15 64
758487 79
612839 145799
522657 237800
199 1557
760457 1756
762213 294
566630 196733
27 384
763363 411
270 1316
763774 1586
593510 171883
765360 319
2795 100
765679 2895
2081 528
768574 2609
295 256
771183 551
771183 583
771183 1854
718551 54889
773037 801
270 3
773838 273
918 950
774111 1868
774111 2164
775979 770
776275 648
521 1088
776923 1609
109 5
778532 114
517075 261796
1352 96
778871 1448
27 1
780319 28
760457 19927
670159 112393
411435 371521
611 512
782956 1123
7 96
784079 103
784182 366
557675 228023
538638 249183
412192 375815
528730 261796
626 801
790526 1427
502132 289982
531207 262144
558980 235484
153 128
794464 281
794464 551
706235 88816
793351 2405
520 394
795756 914
1788 7
796670 1795
439632 360133
180 1
799765 181
798465 2335
275 982
800800 1257
728273 74069
300 33
802342 333
611 384
802675 995
528 32
803670 560
2083 1115
804230 3198
1933 161
807428 2094
807428 2429
414016 396020
809522 683
579 15
810205 594
807428 4353
795756 16938
247 199
812694 446
108 512
813140 620
484386 334370
812694 6377
818756 975
607384 212632
819071 1383
557675 264656
804230 18553
128 1
822783 129
822783 535
797 5
823318 802
824120 130
1558 256
824250 1814
209 36
826064 245
824120 2795
826309 787
762213 67111
712390 118205
598279 232689
460836 370481
830595 2142
792114 40996
830595 2795
780384 54889
465160 371463
836623 788
458 16
837411 474
455540 382917
836623 1877
838457 1275
548329 291585
839732 1609
839914 1838
484 1024
841752 1508
795051 48908
784548 61032
40 116
845580 156
852 1115
845736 1967
513358 334370
571799 277479
394 384
849278 778
240 2532
850056 2772
1232 36
852828 1268
854096 26
780384 74069
747848 108463
856311 1121
126 15
857432 141
221 210
857573 431
857432 2707
758638 102080
860718 1726
860718 2313
863031 1095
628669 235484
864126 100
864126 309
100 822
864435 922
199 528
865357 727
635578 230760
866084 722
632273 234634
100 256
866907 356
579 528
867263 1107
866338 4035
742720 130208
100 533
872928 633
3505 1252
873561 4757
878318 39
642892 237752
533 5
880644 538
748253 133327
669510 212131
670159 211740
881899 810
881899 1062
789 7
882961 796
1015 1
883757 1016
725058 159742
881641 3198
733951 153276
683 1390
887227 2073
2313 797
889300 3110
892410 1464
854453 39475
893928 333
507009 387469
982 484
894478 1466
894261 3236
583517 314944
664864 233847
546887 351847
502937 396020
2133 2795
898957 4928
40 5
903885 45
903885 1315
903885 1654
510 247
905539 757
135 520
906296 655
458 1024
906951 1482
906296 3992
520 1352
910288 1872
221 109
912160 330
795051 117522
626 32
912573 658
763774 154233
918007 1967
36 16
919974 52
569 822
920026 1391
884839 37084
543935 378483
922418 1018
1352 100
923436 1452
642880 282084
642892 282376
541471 387469
697 5
928940 702
36 1024
929642 1060
517201 414016
931217 713
458 7
931930 465
1088 1793
932395 2881
2100 480
935276 2580
937856 1040
673080 265942
939022 745
854122 86641
595359 346176
941535 725
1352 15
942260 1367
942260 1725
943627 373
943627 569
943627 1508
943627 1558
707484 237800
667869 277479
583517 361858
944196 3146
945375 2192
585111 364616
517975 433037
1031 950
951012 1981
801 1216
952993 2017
824 626
955010 1450
956460 28
126 512
956488 638
351 116
957126 467
201 22
957593 223
957816 351
632273 326167
564042 396020
829324 130791
854453 107556
611 256
962009 867
962009 1868
270 231
963877 501
962876 2190
964378 995
1280 32
965373 1312
2313 384
966685 2697
662 2798
969382 3460
819731 153276
670724 306747
3 1232
977471 1235
484 2
978706 486
568537 412192
980729 16
730877 252311
570272 414566
984838 891
723776 262585
601780 385100
898734 90184
27 1316
988918 1343
650765 343893
40 33
994658 73
555572 439266
795051 200032
518460 477297
994731 1060
994658 2100
996758 1493
998251 866
