2320
1 1
2 2
4 4
8 8
16 16
32 32
64 64
128 128
256 256
512 512
1024 1024
2048 2048
4096 4096
8192 8192
16384 16384
32768 32768
65536 65536
131072 131072
262144 262144
524288 524288
65536 16384
8192 1024
512 256
32 16
8 2
81920 9216
768 48
10 1
91136 816
91952 11
1048576 91963
32768 16384
2048 4
49152 2052
51204 1
1140539 51205
262144 51205
9216 4096
10 256
313349 13312
326661 266
1191744 326927
326927 81920
4096 2052
128 64
16 8
408847 6148
192 24
414995 216
415211 1
1518671 415212
1933883 1933883
1933883 1191744
131072 81920
2052 192
16 1
3125627 212992
2244 17
3338619 2261
3867766 3340880
524288 212992
16384 6148
1024 24
737280 22532
1048 768
759812 1816
7208646 761628
761628 212992
32768 1048
64 48
4 1
974620 33816
112 5
1008436 117
7970274 1008553
1933883 415212
16384 816
128 5
2349095 17200
133 24
2366295 157
8978827 2366452
212992 33816
9216 1048
266 16
246808 10264
282 2
257072 284
11345279 257356
415212 22532
4096 284
48 8
437744 4380
442124 56
11602635 442180
1191744 262144
1048 17
1453888 1065
1454953 256
12044815 1455209
131072 65536
13312 816
64 5
196608 14128
69 2
210736 71
13500024 210807
2366452 524288
131072 22532
512 192
17 4
2890740 153604
704 21
3044344 725
3045069 2
13710831 3045071
326927 65536
6148 816
128 2
392463 6964
130 1
399427 131
16755902 399558
524288 91963
17200 4380
284 157
11 4
616251 21580
441 15
637831 456
17155460 638287
51205 1065
133 512
52270 645
17793747 52915
3867766 1933883
262144 13312
284 64
5801649 275456
348 32
6077105 380
17846662 6077485
1933883 131072
2261 512
64 2
2064955 2773
2067728 66
23924147 2067794
2067794 91963
22532 2773
816 11
2159757 25305
827 64
2185062 891
25991941 2185953
737280 4380
741660 64
28177894 741724
1191744 91963
2773 112
1283707 2885
1286592 1
28919618 1286593
2366452 81920
4096 131
2448372 4227
2452599 24
30206211 2452623
275456 10264
2261 284
48 5
285720 2545
53 2
288265 55
32658834 288320
2185953 91963
22532 2244
2277916 24776
2302692 256
32947154 2302948
761628 17200
11 2048
778828 2059
35250102 780887
1518671 91963
25305 6148
348 56
1610634 31453
1642087 404
36030989 1642491
442180 2885
456 11
445065 467
445532 32
37673480 445564
3125627 196608
6964 891
71 5
3322235 7855
3330090 76
38119044 3330166
1642491 91963
10264 2059
131 11
1734454 12323
1746777 142
41449210 1746919
737280 71
737351 16
43196129 737367
246808 55
246863 266
43933496 247129
1642491 65536
12323 216
1708027 12539
1720566 11
44180625 1720577
2185953 33816
12539 216
15 24
2219769 12755
2232524 39
45901202 2232563
2452623 91136
39 76
2543759 115
48133765 2543874
91963 4227
5 24
96190 29
50677639 96219
1286593 131072
9216 71
1417665 9287
1426952 512
50773858 1427464
524288 33816
6964 117
558104 7081
565185 17
52201322 565202
1746919 153604
25305 2885
827 10
1900523 28190
837 4
1928713 841
52766524 1929554
1933883 65536
12755 128
1999419 12883
2012302 16
54696078 2012318
1191744 65536
9287 6148
1257280 15435
56708396 1272715
212992 131
213123 256
57981111 213379
2159757 12883
2172640 12323
58194490 2184963
3867766 65536
10264 1816
115 76
3933302 12080
3945382 191
60379453 3945573
974620 28190
2048 2
1002810 2050
1004860 1
64325026 1004861
1900523 24776
17 24
1925299 41
65329887 1925340
326927 33816
4227 117
360743 4344
365087 1
67255227 365088
96219 28190
48 512
124409 560
67620315 124969
1720577 4380
284 48
1724957 332
67745284 1725289
2543874 41
2543915 52270
69470573 2596185
1455209 33816
69 9216
1489025 9285
72066758 1498310
81920 2244
84164 2052
73565068 86216
3340880 288320
15435 837
3629200 16272
3645472 39
73651284 3645511
2067794 65536
2773 10
2133330 2783
2136113 48
77296795 2136161
1610634 17200
2885 133
1627834 3018
1630852 256
79432956 1631108
1140539 22532
71 24
1163071 95
81064064 1163166
1518671 33816
12755 8
1552487 12763
1565250 4
82227230 1565254
437744 1816
24 128
439560 152
83792484 439712
1427464 17200
827 1024
1444664 1851
84232196 1446515
638287 65536
1065 191
703823 1256
705079 512
85678711 705591
3045071 31453
41 891
3076524 932
86384302 3077456
780887 153604
25305 1256
380 2
934491 26561
961052 382
89461758 961434
2349095 6148
216 10
2355243 226
90423192 2355469
262144 645
262789 11
92778661 262800
2277916 16384
645 5
2294300 650
2294950 2
93041461 2294952
558104 3018
115 131
561122 246
95336413 561368
2596185 153604
2545 95
2749789 2640
2752429 4
95897781 2752433
961434 10264
1256 404
17 8
971698 1660
973358 25
98650214 973383
2012318 51205
645 117
2063523 762
99623597 2064285
1417665 4380
41 1065
1422045 1106
101687882 1423151
1048576 2261
1050837 10
103111033 1050847
1746919 52915
10264 53
1799834 10317
1810151 1065
104161880 1811216
365088 21580
725 128
386668 853
105973096 387521
638287 10317
191 24
648604 215
106360617 648819
705591 28190
284 10
733781 294
734075 32
107009436 734107
2890740 65536
142 645
2956276 787
107743543 2957063
1734454 4380
284 5
1738834 289
110700606 1739123
1257280 12539
133 2
1269819 135
112439729 1269954
4380 11
4391 512
113709683 4903
1498310 2261
41 21
1500571 62
113714586 1500633
2159757 7081
2166838 5
115215219 2166843
780887 65536
2640 76
846423 2716
849139 15
117382062 849154
3645511 13312
117 48
3658823 165
118231216 3658988
648819 17200
3018 284
666019 3302
669321 266
121890204 669587
3340880 96219
17200 441
3437099 17641
3454740 1065
122559791 3455805
445564 52915
2059 128
498479 2187
500666 32
126015596 500698
1999419 7081
512 25
2006500 537
2007037 5
126516294 2007042
1498310 841
1499151 157
128523336 1499308
1811216 52915
9287 76
1864131 9363
1873494 467
130022644 1873961
1286593 17641
2640 10
1304234 2650
131896605 1306884
1306884 33816
467 17
1340700 484
133203489 1341184
1610634 560
1611194 142
134544673 1611336
1050847 2650
1053497 12755
136156009 1066252
1140539 3018
62 191
1143557 253
137222261 1143810
2596185 131072
17641 1851
64 8
2727257 19492
2746749 72
138366071 2746821
1341184 33816
12883 8
1375000 12891
141112892 1387891
1306884 17200
5 192
1324084 197
142500783 1324281
849154 22532
294 128
871686 422
143825064 872108
275456 4391
130 256
279847 386
144697172 280233
2596185 8192
131 704
2604377 835
144977405 2605212
1002810 117
1002927 1816
147582617 1004743
1053497 6148
11 16
1059645 27
148587360 1059672
2232563 33816
130 2048
2266379 2178
149647032 2268557
1053497 4903
816 4
1058400 820
1059220 2
151915589 1059222
2543915 49152
467 284
2593067 751
152974811 2593818
705591 19492
197 484
725083 681
155568629 725764
1873961 24776
284 133
1898737 417
156294393 1899154
1928713 62
1928775 56
158193547 1928831
849154 4391
853545 891
160122378 854436
2366452 65536
2885 55
2431988 2940
2434928 71
160976814 2434999
213379 1256
348 15
214635 363
163411813 214998
1306884 14128
5 816
1321012 821
163626811 1321833
2452623 65536
2261 112
2518159 2373
2520532 8
164948644 2520540
1387891 26561
1256 25
1414452 1281
1415733 152
167469184 1415885
1008553 467
1009020 33816
168885069 1042836
1873961 6148
441 117
1880109 558
169927905 1880667
780887 33816
9363 157
814703 9520
824223 32
171808572 824255
2752433 96219
8192 15
2848652 8207
2856859 512
172632827 2857371
214998 21580
332 11
236578 343
175490198 236921
2752433 52915
10317 417
2805348 10734
2816082 1024
175727119 2817106
1059672 1281
246 32
1060953 278
178544225 1061231
565202 56
565258 33816
179605456 599074
705591 2640
708231 41
180204530 708272
2232563 7855
117 4
2240418 121
180912802 2240539
2067794 49152
1851 53
2116946 1904
183153341 2118850
1999419 6148
142 112
2005567 254
185272191 2005821
1811216 51205
456 157
1862421 613
187278012 1863034
236921 27
236948 704
189141046 237652
872108 51205
841 131
923313 972
189378698 924285
288320 19492
55 512
307812 567
190302983 308379
1725289 2650
1727939 932
190611362 1728871
1059672 1048
1060720 10
192340233 1060730
2012318 21580
282 266
2033898 548
193400963 2034446
1455209 21580
66 32
1476789 98
195435409 1476887
2752433 33816
4344 704
2786249 5048
196912296 2791297
1286593 3302
192 32
1289895 224
199703593 1290119
2727257 10734
56 282
2737991 338
200993712 2738329
1864131 6148
53 441
1870279 494
203732041 1870773
445564 49152
537 467
494716 1004
205602814 495720
131072 76
131148 2048
206098534 133196
445564 33816
12323 71
479380 12394
491774 16
206231730 491790
3658988 133196
827 1065
3792184 1892
206723520 3794076
257356 3302
494 157
260658 651
210517596 261309
1565254 15435
467 32
1580689 499
210778905 1581188
924285 8207
380 8
932492 388
212360093 932880
1933883 33816
3302 787
1967699 4089
213292973 1971788
2366452 17200
348 10
2383652 358
215264761 2384010
705079 117
705196 24
217648771 705220
2185953 21580
2207533 117
218353991 2207650
2302948 19492
112 2
2322440 114
220561641 2322554
1642491 52915
1281 226
1695406 1507
1696913 128
222884195 1697041
1375000 8207
1383207 837
224581236 1384044
153604 21580
175184 725
225965280 175909
1565254 9363
117 10
1574617 127
226141189 1574744
2857371 31453
650 29
2888824 679
227715933 2889503
326927 14128
441 133
341055 574
230605436 341629
2172640 8207
835 131
2180847 966
230947065 2181813
708272 574
708846 1256
233128878 710102
2277916 9520
2287436 25
233838980 2287461
341629 9285
350914 348
236126441 351262
1642491 31453
1106 76
1673944 1182
1675126 15
236477703 1675141
3455805 65536
2050 2545
3521341 4595
238152844 3525936
780887 31453
558 53
812340 611
241678780 812951
247129 2187
249316 2640
242491731 251956
3340880 5048
645 71
3345928 716
242743687 3346644
1581188 19492
681 1065
1600680 1746
246090331 1602426
872108 33816
10734 1048
905924 11782
917706 16
247692757 917722
275456 3302
278758 456
248610479 279214
399558 332
399890 2244
248889693 402134
479380 725
480105 8192
249291827 488297
153604 14128
404 266
167732 670
249780124 168402
6077485 445564
19492 1256
6523049 20748
6543797 56
249948526 6543853
133196 13312
157 16
146508 173
256492379 146681
1630852 31453
256639060 1662305
124409 117
124526 256
258301365 124782
3045071 22532
484 1106
3067603 1590
258426147 3069193
1387891 20748
216 266
1408639 482
261495340 1409121
33816 10734
380 216
44550 596
262904461 45146
2185953 3302
15 216
2189255 231
262949607 2189486
1933883 31453
332 456
1965336 788
265139093 1966124
2452623 33816
7081 348
2486439 7429
2493868 266
267105217 2494134
1873961 3302
71 266
1877263 337
269599351 1877600
780887 679
781566 12323
271476951 793889
313349 8207
142 48
321556 190
272270840 321746
1272715 816
1273531 8
272592586 1273539
3525936 65536
12323 133
3591472 12456
273866125 3603928
1009020 289
1009309 1024
277470053 1010333
1662305 5048
404 512
1667353 916
278480386 1668269
1581188 3302
1584490 891
280148655 1585381
1900523 20748
343 282
1921271 625
281734036 1921896
343 33816
283655932 34159
1746919 28190
853 853
1775109 1706
283690091 1776815
2007042 567
2007609 4096
285466906 2011705
648819 10734
363 537
659553 900
287478611 660453
2434999 12883
288139064 2447882
1518671 28190
1660 837
1546861 2497
290586946 1549358
781566 827
782393 725
292136304 783118
2520540 2716
2523256 1851
292919422 2525107
288320 16384
53 56
304704 109
295444529 304813
2207650 2940
2210590 4344
295749342 2214934
1933883 22532
121 484
1956415 605
297964276 1957020
445564 246
445810 12539
299921296 458349
2543915 22532
69 24
2566447 93
300379645 2566540
251956 467
252423 4227
302946185 256650
2752433 4595
2757028 121
303202835 2757149
824255 891
825146 768
305959984 825914
1163166 22532
64 16
1185698 80
306785898 1185778
524288 17641
380 1065
541929 1445
307971676 543374
648819 645
649464 4096
308515050 653560
3945573 408847
835 787
4354420 1622
309168610 4356042
653560 820
654380 2716
313524652 657096
500698 8207
15 69
508905 84
314181748 508989
1066252 28190
131 64
1094442 195
314690737 1094637
3346644 12080
117 17
3358724 134
315785374 3358858
1799834 25
1799859 4227
319144232 1804086
445810 192
446002 2048
320948318 448050
80 1552487
321396368 1552567
649464 358
322948935 649822
524288 15435
380 284
539723 664
323598757 540387
1499308 932
1500240 142
324139144 1500382
3358858 12539
3371397 192
325639526 3371589
2605212 52915
2940 441
2658127 3381
329011115 2661508
351262 456
351718 216
331672623 351934
2431988 417
2432405 246
332024557 2432651
65536 6148
11 768
71684 779
334457208 72463
1387891 17641
133 17
1405532 150
334529671 1405682
3125627 52915
762 55
3178542 817
335935353 3179359
543374 95
543469 10264
339114712 553733
2240539 12323
2252862 816
339668445 2253678
872108 19492
650 560
891600 1210
341922123 892810
1746919 380
1747299 645
342814933 1747944
133196 134
133330 2716
344562877 136046
1565254 69
1565323 512
344698923 1565835
2034446 7429
72 294
2041875 366
346264758 2042241
2817106 679
2817785 3302
348306999 2821087
1489025 482
1489507 2773
351128086 1492280
654380 10
654390 16
352620366 654406
974620 10734
95 69
985354 164
353274772 985518
1191744 34159
2885 8
1225903 2893
354260290 1228796
2757149 53
2757202 4227
355489086 2761429
1191744 5048
55 266
1196792 321
358250515 1197113
1409121 253
1409374 4391
359447628 1413765
2189486 17641
348 11
2207127 359
360861393 2207486
1191744 2545
1194289 216
363068879 1194505
365088 8207
17 512
373295 529
364263384 373824
985518 12323
25 5
997841 30
364637208 997871
508989 4595
224 11
513584 235
365635079 513819
924285 2783
927068 53
366148898 927121
2434999 2373
2437372 2940
367076019 2440312
1228796 4344
1233140 16384
369516331 1249524
1194505 787
1195292 787
370765855 1196079
1747944 14128
157 256
1762072 413
371961934 1762485
360743 2373
363116 1256
373724419 364372
565258 22532
751 1048
587790 1799
374088791 589589
288320 1182
289502 4391
374678380 293893
7208646 351934
382 256
7560580 638
374972273 7561218
131148 681
131829 294
382533491 132123
985518 10734
256 32
996252 288
382665614 996540
2890740 142
2890882 2773
383662154 2893655
1375000 835
1375835 2545
386555809 1378380
439560 21
439581 71
387934189 439652
2857371 13312
192 11
2870683 203
388373841 2870886
1476887 9520
1486407 41
391244727 1486448
1642491 12323
1654814 2
392731175 1654816
1877600 55
1877655 157
394385991 1877812
133330 558
133888 650
396263803 134538
2277916 6148
484 133
2284064 617
396398341 2284681
961434 611
962045 4903
398683022 966948
84164 1106
85270 560
399649970 85830
2893655 6964
2900619 216
399735800 2900835
2661508 45146
56 48
2706654 104
402636635 2706758
27 12539
405343393 12566
1565835 820
1566655 827
405355959 1567482
793889 11782
805671 363
406923441 806034
3525936 34159
3018 456
3560095 3474
407729475 3563569
1446515 5048
284 128
1451563 412
411293044 1451975
10734 853
412745019 11587
34159 2940
37099 484
412756606 37583
3794076 19492
131 1065
3813568 1196
412794189 3814764
2118850 1182
2120032 3018
416608953 2123050
710102 1256
711358 380
418732003 711738
2012318 650
2012968 816
419443741 2013784
932 1630852
421457525 1631784
285720 537
286257 725
423089309 286982
1059672 39
1059711 66
423376291 1059777
392463 4595
397058 72
424436068 397130
3945573 168402
2178 2050
4113975 4228
424833198 4118203
1163166 19492
704 2
1182658 706
428951401 1183364
1306884 12566
1319450 203
430134765 1319653
1228796 985354
431454418 2214150
52915 6148
382 29
59063 411
433668568 59474
175909 15435
266 10
191344 276
433728042 191620
540387 294
540681 382
433919662 541063
4356042 175909
8207 15
4531951 8222
4540173 266
434460725 4540439
1094637 37583
6148 266
1132220 6414
1138634 128
439001164 1138762
553733 1851
555584 2050
440139926 557634
1409374 932
1410306 560
440697560 1410866
1094637 22532
837 441
1117169 1278
442108426 1118447
2817785 157
2817942 112
443226873 2818054
2727257 10317
69 284
2737574 353
446044927 2737927
1233140 4089
1237229 7855
448782854 1245084
892810 2773
895583 441
450027938 896024
1132220 4227
1136447 5
450923962 1136452
458349 197
458546 8192
452060414 466738
2605212 34159
1004 1024
2639371 2028
452527152 2641399
2252862 133
2252995 117
455168551 2253112
1273539 5048
1278587 816
457421663 1279403
1870773 130
1870903 2244
458701066 1873147
1197113 28190
197 165
1225303 362
460574213 1225665
1877812 841
1878653 115
461799878 1878768
308379 3381
311760 173
463678646 311933
565258 2783
568041 404
463990579 568445
3645511 7429
282 10
3652940 292
464559024 3653232
934491 7081
16 4
941572 20
468212256 941592
1197113 17641
650 1048
1214754 1698
469153848 1216452
896024 816
896840 32
470370300 896872
1933883 1507
1935390 10
471267172 1935400
2738329 2783
2741112 725
473202572 2741837
1324281 6148
69 17
1330429 86
475944409 1330515
711738 66
711804 4380
477274924 716184
495720 114
495834 1660
477991108 497494
1476887 215
1477102 2640
478488602 1479742
2067794 37583
768 16
2105377 784
479968344 2106161
2384010 28190
853 1024
2412200 1877
482074505 2414077
1245084 2783
1247867 15
484488582 1247882
59474 484
59958 768
485736464 60726
2900835 33816
11 2
2934651 13
485797190 2934664
2210590 467
2211057 2
488731854 2211059
1042836 2783
1045619 64
490942913 1045683
1873961 417
1874378 1106
491988596 1875484
1427464 853
1428317 7855
493864080 1436172
458546 1009309
495300252 1467855
616251 17641
827 704
633892 1531
496768107 635423
7429 382
497403530 7811
1880667 289
1880956 12323
497411341 1893279
616251 8222
624473 494
499304620 624967
4356042 96219
25305 338
4452261 25643
4477904 62
499929587 4477966
252423 2940
255363 56
504407553 255419
1500633 109
1500742 4089
504662972 1504831
599074 932
600006 10264
506167803 610270
3629200 916
3630116 613
506778073 3630729
872108 494
872602 6148
510408802 878750
1776815 3018
1779833 4344
511287552 1784177
1870903 112
1871015 816
513071729 1871831
905924 10734
916658 128
514943560 916786
878750 2885
881635 827
515860346 882462
2440312 2187
2442499 4344
516742808 2446843
1136452 835
519189651 1137287
304813 2783
307596 76
520326938 307672
2543915 19492
157 768
2563407 925
520634610 2564332
1410306 27
523198942 1410333
1387891 704
1388595 284
524609275 1388879
1066252 22532
1281 128
1088784 1409
525998154 1090193
2232563 4391
157 2
2236954 159
527088347 2237113
500698 467
501165 2261
529325460 503426
2373 247129
529828886 249502
4118203 175909
3381 69
4294112 3450
4297562 8
530078388 4297570
1611336 1660
1612996 332
534375958 1613328
175909 326927
535989286 502836
1880956 7081
41 48
1888037 89
536492122 1888126
214998 7081
222079 2773
538380248 224852
222079 55
222134 1048
538605100 223182
3045071 11587
131 32
3056658 163
538828282 3056821
1042836 197
541885103 1043033
854436 827
855263 512
542928136 855775
2605212 17200
131 56
2622412 187
543783911 2622599
1966124 891
1967015 32
546406510 1967047
1216452 7081
142 133
1223533 275
548373557 1223808
2013784 841
2014625 645
549597365 2015270
1257280 3018
1260298 4
551612635 1260302
2042241 1210
2043451 2050
552872937 2045501
895583 210736
554918438 1106319
1004861 1182
1006043 2059
556024757 1008102
2067794 24
2067818 13312
557032859 2081130
2015270 9520
56 284
2024790 340
559113989 2025130
600006 7855
607861 827
561139119 608688
415212 93
415305 14128
561747807 429433
1143810 235
1144045 12080
562177240 1156125
3371589 52915
784 3302
3424504 4086
563333365 3428590
1804086 5048
53 456
1809134 509
566761955 1809643
610270 4903
615173 560
568571598 615733
2543915 1698
2545613 3474
569187331 2549087
589589 7855
130 112
597444 242
571736418 597686
1283707 348
1284055 1024
572334104 1285079
2123050 1507
2124557 494
573619183 2125051
1436172 7081
1443253 29
575744234 1443282
513819 66
513885 4
577187516 513889
2136161 670
2136831 10734
577701405 2147565
1971788 3381
1975169 278
579848970 1975447
1602426 224
1602650 4344
581824417 1606994
664 17200
583431411 17864
2384010 2650
2386660 441
583449275 2387101
2081130 22532
841 115
2103662 956
585836376 2104618
916786 3381
587940994 920167
1306884 9287
1316171 130
588861161 1316301
9520 734075
590177462 743595
896024 21
896045 768
590921057 896813
2302948 210736
591817870 2513684
725764 417
726181 4903
594331554 731084
1504831 2650
1507481 41
595062638 1507522
2706758 12539
2719297 1024
596570160 2720321
482 1870773
599290481 1871255
2043451 53
2043504 71
601161736 2043575
1779833 1622
1781455 2650
603205311 1784105
52915 3474
246 69
56389 315
604989416 56704
2870886 359
2871245 16384
605046120 2887629
1581188 762
1581950 650
607933749 1582600
17641 76
17717 117
609516349 17834
1138634 212992
609534183 1351626
1878653 2650
610885809 1881303
373824 1182
375006 6148
612767112 381154
669587 25643
29 456
695230 485
613148266 695715
872602 820
873422 4391
613843981 877813
1975447 17864
404 441
1993311 845
614721794 1994156
4118203 91963
1746 25
4210166 1771
616715950 4211937
873422 12883
620927887 886305
2322554 10734
2333288 650
621814192 2333938
10317 133
10450 117
624148130 10567
508989 25
509014 380
624158697 509394
3322235 1851
3324086 348
624668091 3324434
1132220 332
1132552 2244
627992525 1134796
1197113 2187
1199300 8
629127321 1199308
3179359 45146
203 2773
3224505 2976
630326629 3227481
491790 72
491862 2050
633554110 493912
1762485 304813
634048022 2067298
1010333 824255
636115320 1834588
448050 6414
64 4
454464 68
637949908 454532
806034 4228
810262 80
638404440 810342
480105 2885
482990 1816
639214782 484806
4297570 49152
39 1816
4346722 1855
639699588 4348577
1118447 8207
1126654 332
644048165 1126986
1668269 853
1669122 1106
645175151 1670228
1061231 1106
1062337 404
646845379 1062741
213123 246808
647908120 459931
2147565 11587
2159152 25
648368051 2159177
399890 923313
650527228 1323203
2605212 16384
142 256
2621596 398
651850431 2621994
783118 72
783190 2261
654472425 785451
855775 8207
863982 2373
655257876 866355
1552567 7855
1560422 891
656124231 1561313
1642491 266
1642757 2
657685544 1642759
1094637 2497
1097134 4227
659328303 1101361
825914 1061231
660429664 1887145
2067818 76
2067894 2048
662316809 2069942
288265 1
664386751 288266
1720577 27
1720604 4344
664675017 1724948
1928831 12763
666399965 1941594
1864131 2178
1866309 8
668341559 1866317
513889 27
513916 1816
670207876 515732
2525107 2640
2527747 8192
670723608 2535939
2355469 20
2355489 7429
673259547 2362918
1106319 5048
131 256
1111367 387
675622465 1111754
855775 2783
858558 76
676734219 858634
1008102 491790
677592853 1499892
825914 13312
133 256
839226 389
679092745 839615
1975447 12566
1988013 30
679932360 1988043
2494134 16384
39 216
2510518 255
681920403 2510773
1066252 131
1066383 2052
684431176 1068435
849154 191
849345 71
685499611 849416
638287 7855
142 24
646142 166
686349027 646308
2805348 1799
2807147 6964
686995335 2814111
574 1415885
689809446 1416459
1455209 8222
827 112
1463431 939
691225905 1464370
2322554 2773
2325327 8
692690275 2325335
615173 11
615184 128
695015610 615312
2362918 404
2363322 1048
695630922 2364370
9285 816
697995292 10101
1810151 841
1810992 24
698005393 1811016
1804086 537
1804623 768
699816409 1805391
589589 716
590305 5048
701621800 595353
1444664 1816
702217153 1446480
1662305 456
1662761 266
703663633 1663027
3227481 51205
787 25
3278686 812
705326660 3279498
1106319 422
1106741 256
708606158 1106997
1324281 1507
1325788 2716
709713155 1328504
568445 13312
157 512
581757 669
711041659 582426
2240539 294
2240833 4227
711624085 2245060
2287461 4228
2291689 1892
713869145 2293581
1341184 4228
1345412 27
716162726 1345439
402134 679
402813 821
717508165 403634
539723 1444664
717911799 1984387
1285079 482
719896186 1285561
2253678 3450
2257128 3474
721181747 2260602
1043033 34159
723442349 1077192
1306884 441
1307325 11
724519541 1307336
1834588 14128
1848716 8192
725826877 1856908
1423151 725
1423876 282
727683785 1424158
56704 117
56821 8
729107943 56829
3077456 7081
226 76
3084537 302
729164772 3084839
136046 321
136367 4903
732249611 141270
448050 1771
449821 4227
732390881 454048
2452599 741724
732844929 3194323
72463 2940
75403 2048
736039252 77451
3069193 3381
3072574 2050
736116703 3074624
1631784 195
1631979 7429
739191327 1639408
896872 6414
191 256
903286 447
740830735 903733
223182 441
223623 192
741734468 223815
3945573 96219
7855 157
4041792 8012
4049804 11
741958283 4049815
1855 1045619
746008098 1047474
1405682 260658
747055572 1666340
543469 7429
71 11
550898 82
748721912 550980
1284055 1194505
749272892 2478560
494 408847
751751452 409341
60726 130
60856 2244
752160793 63100
3279498 28190
1851 560
3307688 2411
752223893 3310099
941592 10734
25 152
952326 177
755533992 952503
568041 1776815
756486495 2344856
615184 1784105
758831351 2399289
175909 363
761230640 176272
1811216 89
1811305 17641
761406912 1828946
1134796 1196079
763235858 2330875
293893 21
293914 282
765566733 294196
454048 1727939
765860929 2181987
1900523 4903
41 66
1905426 107
768042916 1905533
96219 853
97072 56
769948449 97128
1408639 131
1408770 24
770045577 1408794
1747944 195
1748139 8192
771454371 1756331
780887 761628
773210702 1542515
2821087 7811
2828898 152
774753217 2829050
1290119 5048
972 48
1295167 1020
777582267 1296187
503426 482
503908 1256
778878454 505164
286257 153604
779383618 439861
2934664 787
2935451 14128
779823479 2949579
350914 1256
782773058 352170
294196 651
294847 3018
783125228 297865
3194323 25305
130 16
3219628 146
783423093 3219774
45146 558104
786642867 603250
1810992 1138634
787246117 2949626
249502 1892
251394 48
790195743 251442
597686 275
790447185 597961
3563569 26561
404 21
3590130 425
791045146 3590555
52915 1851
54766 191
794635701 54957
878750 39
878789 66
794690658 878855
3794076 3474
284 256
3797550 540
795569513 3798090
1156125 6414
76 284
1162539 360
799367603 1162899
2081130 1507
2082637 972
800530502 2083609
810342 117
810459 512
802614111 810971
2034446 2059
2036505 380
803425082 2036885
1799859 216
1800075 32
805461967 1800107
565258 1281
566539 456
807262074 566995
2025130 6964
55 56
2032094 111
807829069 2032205
1097134 72
1097206 2050
809861274 1099256
878855 456
879311 32
810960530 879343
2207650 827
811839873 2208477
1762485 787
1763272 853
814048350 1764125
1304234 191
1304425 53
815812475 1304478
1351626 14128
66 17
1365754 83
817116953 1365837
716184 7811
723995 558
818482790 724553
1888126 882462
819207343 2770588
2069942 7081
2077023 645
821977931 2077668
543374 246808
824055599 790182
91963 55
92018 130
824845781 92148
262800 11782
274582 256
824937929 274838
4540439 454532
4994971 2640
825212767 4997611
1504831 1706
1506537 853
830210378 1507390
561368 165
561533 2059
831717768 563592
568445 7081
117 24
575526 141
832281360 575667
1988043 1106
1989149 932
832857027 1990081
1048576 1892
1050468 4
834847108 1050472
616251 5048
560 2
621299 562
835897580 621861
1663027 974620
836519441 2637647
1197113 246
1197359 348
839157088 1197707
224852 382
225234 1816
840354795 227050
1811305 3302
1814607 2059
840581845 1816666
1675141 11587
1686728 4380
842398511 1691108
3371589 45146
2773 5
3416735 2778
844089619 3419513
2260602 1660
2262262 21
847509132 2262283
1417665 224
1417889 2373
849771415 1420262
737367 617
737984 2773
851191677 740757
1319653 282
1319935 1048
851932434 1320983
480105 27
480132 2187
853253417 482319
1279403 3474
121 128
1282877 249
853735736 1283126
1518671 20748
725 21
1539419 746
855018862 1540165
1905533 89
1905622 10264
856559027 1915886
2535939 71
2536010 32
858474913 2536042
227050 4391
231441 226
861010955 231667
1446515 1507
1448022 254
861242622 1448276
2015270 1281
2016551 821
862690898 2017372
1631979 1507
1633486 2244
864708270 1635730
996540 64
866344000 996604
1935400 751
867340604 1936151
1296187 900
1297087 4903
869276755 1301990
503908 165
504073 15
870578745 504088
403634 382
404016 4380
871082833 408396
4997611 1409
4999020 321556
871491229 5320576
1010333 332
1010665 12755
876811805 1023420
146681 1851
148532 2
877835225 148534
2900835 12539
2913374 404
877983759 2913778
590305 762
591067 3018
880897537 594085
1197359 1602426
881491622 2799785
297865 4380
302245 816
884291407 303061
2720321 1281
884594468 2721602
501165 282
501447 1024
887316070 502471
1834588 787
1835375 2773
887818541 1838148
341629 548
342177 768
889656689 342945
2434999 115
2435114 2048
889999634 2437162
839226 133
839359 4
892436796 839363
2333938 173
2334111 2048
893276159 2336159
524288 548
524836 14128
895612318 538964
1686728 21
1686749 71
896151282 1686820
1866317 27
1866344 2545
897838102 1868889
1691108 2773
1693881 157
899706991 1694038
315 1809643
901401029 1809958
1518671 567
1519238 891
903210987 1520129
952503 4089
956592 112
904731116 956704
941592 62
941654 4227
905687820 945881
3227481 28190
32 2
3255671 34
906633701 3255705
600006 817
600823 1851
909889406 602674
2017372 638
910492080 2018010
1307336 835
1308171 1851
912510090 1310022
1316301 2650
1318951 55
913820112 1319006
134538 467
135005 130
915139118 135135
3590555 900
915274253 3591455
806034 332
806366 4
918865708 806370
1325788 762
1326550 112
919672078 1326662
814703 7429
112 216
822132 328
920998740 822460
1101361 53
1101414 2773
921821200 1104187
302 716184
922925387 716486
555584 1746
923641873 557330
4540439 279214
4819653 131072
924199203 4950725
649822 565258
929149928 1215080
1304478 76
1304554 2059
930365008 1306613
669587 20748
560 48
690335 608
931671621 690943
2268557 779
2269336 916
932362564 2270252
945881 3302
949183 762
934632816 949945
2064955 2052
2067007 11
935582761 2067018
873422 456
873878 10
937649779 873888
2325335 4595
2329930 66
938523667 2329996
72463 164
72627 1746
940853663 74373
289502 321556
940928036 611058
2159757 86
2159843 4089
941539094 2163932
1428317 3302
1431619 55
943703026 1431674
2125051 2783
2127834 2050
945134700 2129884
1764125 613
1764738 3018
947264584 1767756
669587 11782
681369 820
949032340 682189
3563569 1281
3564850 215
949714529 3565065
934491 537
935028 837
953279594 935865
196608 12323
24 4
208931 28
954215459 208959
1967047 495834
954424418 2462881
1273539 382
1273921 837
956887299 1274758
2746821 2716
2749537 15
958162057 2749552
600823 278
601101 332
960911609 601433
237652 6148
53 117
243800 170
961513042 243970
3603928 366
3604294 7081
961757012 3611375
1249524 4380
1253904 768
965368387 1254672
896024 278
966623059 896302
362 1426952
967519361 1427314
17717 1053497
968946675 1071214
1279403 725
1280128 2261
970017889 1282389
1606994 284
1607278 11
971300278 1607289
2957063 45146
891 2244
3002209 3135
972907567 3005344
262800 68
262868 6148
975912911 269016
2207486 2885
976181927 2210371
1420262 540
978392298 1420802
1138762 1281
1140043 256
979813100 1140299
1417665 95
1417760 11
980953399 1417771
761628 524288
982371170 1285916
224852 2448372
983657086 2673224
858634 651
859285 2640
986330310 861925
466738 835
467573 15
987192235 467588
649464 1002927
987659823 1652391
2322554 284
2322838 16
989312214 2322854
2650 445065
991635068 447715
326927 10101
16 2
337028 18
992082783 337046
3867766 37583
3474 2048
3905349 5522
992419829 3910871
56829 127
56956 1851
996330700 58807
2549087 53
2549140 266
996389507 2549406
