1386
1 1
2 2
4 4
8 8
16 16
32 32
64 64
128 128
256 256
512 512
1024 1024
2048 2048
4096 4096
8192 8192
16384 16384
32768 32768
65536 65536
131072 131072
262144 262144
524288 524288
1048576 1048576
2097152 2097152
4194304 4194304
8388608 8388608
16777216 16777216
33554432 33554432
67108864 67108864
134217728 134217728
268435456 268435456
65536 32768
4096 1024
512 64
32 8
98304 5120
576 40
103424 616
1048576 104040
262144 131072
65536 4096
256 8
393216 69632
264 1
462848 265
2097152 463113
2048 616
265 40
8 1
2664 305
2969 9
4194304 2978
1152616 524288
16384 8192
1024 40
9 4
1676904 24576
1064 13
1701480 1077
1702557 2
4197282 1702559
524288 131072
16384 5120
1077 512
16 13
655360 21504
1589 29
676864 1618
678482 2
5899841 678484
16384 305
64 13
16689 77
16766 32
8388608 16798
5899841 524288
69632 5120
1077 305
16 2
6424129 74752
1382 18
6498881 1400
6500281 1
8405406 6500282
4197282 8192
1618 264
4205474 1882
4207356 4
16777216 4207360
131072 74752
16798 1618
128 64
205824 18416
192 8
224240 200
20984576 224440
4207360 262144
32768 616
305 2
4469504 33384
4502888 307
21209016 4503195
1702559 262144
69632 4096
616 77
18 4
1964703 73728
693 22
2038431 715
2039146 1
25712211 2039147
2560265 678484
262144 18416
1077 40
18 1
3238749 280560
1117 19
3519309 1136
27751358 3520445
1964703 18416
1136 40
13 2
1983119 1176
1984295 15
31271803 1984310
4503195 205824
2048 307
9 64
4709019 2355
4711374 73
33554432 4711447
6578325 1702559
98304 2048
265 22
8280884 100352
287 13
8381236 300
38265879 8381536
4711447 224440
24576 715
200 40
8 4
4935887 25291
240 12
4961178 252
46647415 4961430
4961430 678484
131072 73728
240 264
5639914 204800
5844714 504
51608845 5845218
1152616 463113
19 2978
1615729 2997
57454063 1618726
205824 16798
1176 29
222622 1205
223827 9
59072789 223836
6578325 1152616
33384 25291
2355 64
2 1
7730941 58675
2419 3
7789616 2422
59296625 7792038
3520445 280560
25291 77
29 2
3801005 25368
3826373 31
67108864 3826404
104040 8192
2997 693
112232 3690
115922 16
70935268 115938
463113 33384
21504 200
496497 21704
518201 2048
71051206 520249
6578325 655360
8192 1400
77 18
7233685 9592
95 29
7243277 124
71571455 7243401
678484 69632
1882 124
748116 2006
750122 31
78814856 750153
524288 112232
2997 264
636520 3261
639781 40
79565009 639821
1152616 131072
33384 2997
31 32
1283688 36381
1320069 63
80204830 1320132
8405406 1984310
36381 9592
3261 300
10389716 45973
3561 73
10435689 3634
81524962 10439323
3238749 131072
9592 715
252 9
3369821 10307
3380128 261
91964285 3380389
7792038 393216
58675 2664
32 4
8185254 61339
8246593 36
95344674 8246629
524288 36381
5120 1618
240 2
560669 6738
567407 242
103591303 567649
750153 205824
10307 2419
955977 12726
968703 256
104158952 968959
4207360 36381
1882 64
4243741 1946
4245687 1
105127911 4245688
14905688 98304
715 32
15003992 747
15004739 1
109373599 15004740
3826404 131072
36381 715
3957476 37096
3994572 9
124378339 3994581
2560265 112232
1077 1077
2672497 2154
128372920 2674651
2097152 222622
36 715
2319774 751
131047571 2320525
131072 16384
31 8
147456 39
134217728 147495
3994581 100352
1382 29
4094933 1411
134365223 4096344
1618726 18416
1946 9
1637142 1955
1639097 40
138461567 1639137
3801005 10307
73 1
3811312 74
140100704 3811386
1152616 45973
10307 1946
1198589 12253
1210842 16
143912090 1210858
4961430 655360
2664 3
5616790 2667
5619457 287
145122948 5619744
2674651 5120
1411 192
2679771 1603
150742692 2681374
280560 12726
2006 715
293286 2721
153424066 296007
1702559 112232
715 192
1814791 907
153720073 1815698
3826404 37096
287 1589
3863500 1876
155535771 3865376
4711447 21704
2422 64
4733151 2486
4735637 1
159401147 4735638
750153 69632
747 504
819785 1251
164136785 821036
2681374 524288
21704 1251
9 2
3205662 22955
3228617 11
164957821 3228628
4961430 567649
25368 3561
29 1
5529079 28929
5558008 30
168186449 5558038
4961430 393216
22955 15
5354646 22970
5377616 1589
173744487 5379205
74752 18416
1251 12
93168 1263
94431 40
179123692 94471
45973 2154
48127 261
179218163 48388
2039147 32768
74 13
2071915 87
179266551 2072002
678484 61339
2154 16
739823 2170
741993 1
181338553 741994
1283688 128
18 32
1283816 50
182080547 1283866
1320132 63
1320195 1024
183364413 1321219
5899841 496497
73 1117
6396338 1190
184685632 6397528
2320525 1411
31 40
2321936 71
191083160 2322007
5899841 296007
1603 1117
6195848 2720
193405167 6198568
1321219 30
1321249 98304
199603735 1419553
3238749 74752
12253 73
3313501 12326
3325827 32
201023288 3325859
4245688 205824
5120 1411
40 128
4451512 6531
4458043 168
204349147 4458211
1210858 4096
1214954 8
208807358 1214962
1419553 147495
10307 307
1567048 10614
1577662 8
210022320 1577670
639821 10614
200 16
650435 216
211599990 650651
5639914 48388
4096 907
39 18
5688302 5003
5693305 57
212250641 5693362
821036 115938
8192 1
936974 8193
217944003 945167
821036 48388
305 8
869424 313
218889170 869737
3863500 616
73 2
3864116 75
219758907 3864191
205824 12326
36 200
218150 236
223623098 218386
10439323 739823
1205 40
11179146 1245
11180391 1
223841484 11180392
1048576 61339
73 2978
1109915 3051
235021876 1112966
1321249 61339
1136 1024
1382588 2160
236134842 1384748
2681374 3261
2684635 616
237519590 2685251
678484 37096
4096 95
715580 4191
719771 77
240204841 719848
115938 1955
117893 300
240924689 118193
1702559 50
1702609 94471
241042882 1797080
11180392 1702609
74752 4191
693 2
12883001 78943
12961944 695
242839962 12962639
7243401 147495
45973 1955
7390896 47928
7438824 36
255802601 7438860
2322007 118193
95 1589
2440200 1684
268435456 2441884
1048576 751
124 9
1049327 133
270877340 1049460
2097152 104040
1024 256
2201192 1280
271926800 2202472
2322007 25368
2667 13
2347375 2680
2350055 8
274129272 2350063
4961430 37096
5120 19
4998526 5139
5003665 200
276479335 5003865
16777216 147495
12726 261
16924711 12987
16937698 576
281483200 16938274
1964703 4096
77 8
1968799 85
298421474 1968884
3380389 10614
1263 36
3391003 1299
300390358 3392302
4245688 78943
5139 261
4324631 5400
4330031 200
303782660 4330231
8405406 296007
28929 2170
8701413 31099
8732512 1251
308112891 8733763
5003865 296007
33384 693
5299872 34077
5333949 307
316846654 5334256
18416 57
18473 2721
322180910 21194
650651 300
650951 1
322202104 650952
5693362 131072
5400 747
5824434 6147
5830581 12
322853056 5830593
65536 265
65801 576
328683649 66377
1419553 22955
1442508 64
328750026 1442572
1214962 31099
30 907
1246061 937
330192598 1246998
2097152 94471
2191623 192
331439596 2191815
6500282 74752
287 73
6575034 360
333631411 6575394
78943 6738
87 907
85681 994
340206805 86675
750153 37096
8193 360
18 29
787249 8553
795802 47
340293480 795849
2039147 25368
1263 39
2064515 1302
341089329 2065817
6424129 6738
31 1400
6430867 1431
343155146 6432298
2685251 147495
37096 71
2832746 37167
2869913 95
349587444 2870008
869737 66377
616 16
936114 632
352457452 936746
750153 28929
265 256
779082 521
353394198 779603
2097152 65536
32 1
2162688 33
354173801 2162721
2685251 37167
4191 632
13 40
2722418 4823
2727241 53
356336522 2727294
1702609 58675
36 307
1761284 343
359063816 1761627
296007 3634
299641 36381
360825443 336022
1618726 16384
200 29
1635110 229
361161465 1635339
147495 31099
178594 200
362796804 178794
34077 512
34589 256
362975598 34845
1419553 18473
87 31
1438026 118
363010443 1438144
224440 25368
15 77
249808 92
364448587 249900
821036 25368
242 1882
846404 2124
364698487 848528
393216 10614
50 124
403830 174
365547015 404004
1815698 16798
937 4
1832496 941
365951019 1833437
2870008 86675
1876 77
2956683 1953
367784456 2958636
1214962 21704
240 77
1236666 317
370743092 1236983
1152616 25368
252 2048
1177984 2300
371980075 1180284
819785 747
820532 12
373160359 820544
1676904 8553
360 36
1685457 396
373980903 1685853
750153 16689
16 4
766842 20
375666756 766862
2958636 178794
18416 29
3137430 18445
376433618 3155875
404004 37167
2170 1946
441171 4116
379589493 445287
1761627 33384
174 265
1795011 439
380034780 1795450
4330231 66377
2154 73
4396608 2227
381830230 4398835
1419553 941
1420494 8193
386229065 1428687
2202472 86675
5139 29
2289147 5168
2294315 8
387657752 2294323
4330231 6738
751 2
4336969 753
389952075 4337722
1321249 34077
128 16
1355326 144
394289797 1355470
4337722 9592
4347314 1024
395645267 4348338
3520445 94471
3051 216
3614916 3267
399993605 3618183
5354646 18473
1411 261
5373119 1672
403611788 5374791
2202472 61339
144 1955
2263811 2099
408986579 2265910
12962639 336022
22955 24576
13298661 47531
411252489 13346192
524288 18473
542761 1064
424598681 543825
1577670 28929
1411 64
1606599 1475
425142506 1608074
224440 21704
252 256
246144 508
426750580 246652
2265910 6738
252 200
2272648 452
426997232 2273100
7792038 299641
33 200
8091679 233
429270332 8091912
2072002 452
2072454 5168
437362244 2077622
2162721 18473
2486 9
2181194 2495
2183689 40
439439866 2183729
1321249 9592
95 264
1330841 359
441623595 1331200
1331200 12987
33 576
1344187 609
442954795 1344796
1049460 58675
1299 36
1108135 1335
444299591 1109470
2684635 192
2684827 16
445409061 2684843
1577670 18473
1603 504
1596143 2107
448093904 1598250
262144 16798
39 616
278942 655
449692154 279597
2870008 48388
8553 907
2918396 9460
2927856 3
449971751 2927859
1833437 115938
240 512
1949375 752
452899610 1950127
7243401 118193
1302 9592
7361594 10894
454849737 7372488
8091912 20
8091932 18416
462222225 8110348
4503195 178794
5400 73
4681989 5473
4687462 18
470332573 4687480
869737 10894
31 1077
880631 1108
475020053 881739
1384748 12987
1136 19
1397735 1155
475901792 1398890
5379205 22970
73 18
5402175 91
477300682 5402266
1442572 61339
508 2720
1503911 3228
482702948 1507139
1283866 71
1283937 32768
484210087 1316705
821036 6531
827567 2969
485526792 830536
336022 24576
15 307
360598 322
486357328 360920
1049460 2170
1051630 2978
486718248 1054608
968959 69632
287 256
1038591 543
487772856 1039134
2065817 2006
2067823 12
488811990 2067835
1442572 34845
1400 29
1477417 1429
490879825 1478846
1676904 1117
1678021 5120
492358671 1683141
1797080 10894
192 1024
1807974 1216
494041812 1809190
1968884 937
1969821 2721
495851002 1972542
3137430 6738
240 22
3144168 262
497823544 3144430
8110348 3561
9 16
8113909 25
500967974 8113934
3865376 69632
343 75
3935008 418
509081908 3935426
299641 22970
73 1136
322611 1209
513017334 323820
73728 3
73731 715
513341154 74446
2927859 6738
261 240
2934597 501
513415600 2935098
5003865 86675
71 1176
5090540 1247
516350698 5091787
6578325 262144
8553 71
6840469 8624
6849093 287
521442485 6849380
1984310 16798
2001108 40
528291865 2001148
496497 12987
937 1684
509484 2621
530293013 512105
1152616 8624
261 504
1161240 765
530805118 1162005
1507139 12326
1519465 8
531967123 1519473
1054608 34845
168 300
1089453 468
533486596 1089921
1833437 34077
236 1
1867514 237
534576517 1867751
3994581 5003
12 40
3999584 52
536870912 3999636
5899841 224440
18473 261
6124281 18734
6143015 715
540870548 6143730
336022 9
336031 616
547014278 336647
4469504 1603
4471107 2048
547350925 4473155
1519473 5168
1524641 12987
551824080 1537628
13346192 881739
45973 396
14227931 46369
14274300 261
553361708 14274561
4687480 396
4687876 6738
567636269 4694614
2958636 115938
242 1064
3074574 1306
572330883 3075880
1639137 22970
74 305
1662107 379
575406763 1662486
5379205 8193
168 3
5387398 171
577069249 5387569
463113 12987
1618 1064
476100 2682
582456818 478782
2727294 66377
1603 3
2793671 1606
582935600 2795277
881739 37167
1263 2419
918906 3682
585730877 922588
323820 8624
3 576
332444 579
586653465 333023
3205662 12326
307 40
3217988 347
586986488 3218335
3618183 131072
5473 168
3749255 5641
3754896 12
590204823 3754908
1702609 521
1703130 11
593959731 1703141
4245688 73731
252 18
4319419 270
595662872 4319689
1639137 10894
47 576
1650031 623
599982561 1650654
1478846 10894
1176 4
1489740 1180
601633215 1490920
404004 2124
406128 1618
603124135 407746
567649 28929
439 236
596578 675
603531881 597253
8405406 147495
25368 1955
8552901 27323
8580224 77
604129134 8580301
1428687 1431
1430118 95
612709435 1430213
407746 18734
2006 192
426480 2198
614139648 428678
2191815 937
2192752 3690
614568326 2196442
1815698 12987
168 2664
1828685 2832
616764768 1831517
65801 265
66066 2
618596285 66068
6849380 9592
74 307
6858972 381
618662353 6859353
1246998 21194
242 9
1268192 251
625521706 1268443
1703141 12726
22 1
1715867 23
626790149 1715890
8733763 881739
28929 216
9615502 29145
9644647 22
628506039 9644669
3618183 18416
3636599 21504
638150708 3658103
8280884 85681
715 9
8366565 724
641808811 8367289
7243401 48388
9592 200
7291789 9792
7301581 305
650176100 7301886
1442572 29145
168 8
1471717 176
657477986 1471893
5845218 12987
1603 693
5858205 2296
658949879 5860501
100352 1603
101955 13
664810380 101968
5402266 98304
1117 22
5500570 1139
664912348 5501709
739823 3
739826 192
670414057 740018
8733763 147495
12726 124
8881258 12850
8894108 18
671154075 8894126
2560265 18734
1955 265
2578999 2220
680048201 2581219
3392302 86675
1431 2969
3478977 4400
682629420 3483377
4348338 12326
3 64
4360664 67
686112797 4360731
3999636 468
4000104 74446
690473528 4074550
3238749 37167
751 1176
3275916 1927
694548078 3277843
1685853 9792
64 4
1695645 68
697825921 1695713
104040 47
104087 1077
699521634 105164
2202472 34845
379 752
2237317 1131
699626798 2238448
3519309 543
3519852 71
701865246 3519923
4935887 22955
4958842 1251
705385169 4960093
3392302 22970
3415272 1117
710345262 3416389
6198568 147495
1618 24576
6346063 26194
713761651 6372257
795849 10614
3 200
806463 203
720133908 806666
3520445 48388
6738 715
3568833 7453
3576286 512
720940574 3576798
3520445 16798
252 40
3537243 292
724517372 3537535
639821 5400
645221 1117
728054907 646338
205824 174
205998 2720
728701245 208718
14274561 224440
2124 168
14499001 2292
728909963 14501293
105164 1024
106188 8
743411256 106196
4096344 78943
4175287 2969
743517452 4178256
5354646 2664
5357310 256
747695708 5357566
1112966 12987
715 2
1125953 717
753053274 1126670
16798 4
754179944 16802
567649 22970
29 128
590619 157
754196746 590776
3155875 18734
504 2
3174609 506
754787522 3175115
678484 7453
685937 317
757962637 686254
428678 10894
632 30
439572 662
758648891 440234
1442572 26194
907 22
1468766 929
759089125 1469695
9644669 48127
9692796 104040
760558820 9796836
6859353 280560
124 15
7139913 139
770355656 7140052
2001148 31099
715 265
2032247 980
777495708 2033227
262144 2495
264639 10614
779528935 275253
3537535 22970
1024 8
3560505 1032
779804188 3561537
5619744 5473
5625217 3051
783365725 5628268
12326 73728
788993993 86054
147495 941
148436 12253
789080047 160689
1815698 8193
73 15
1823891 88
789240736 1823979
2273100 1335
2274435 12326
791064715 2286761
445287 12987
240 2355
458274 2595
793351476 460869
2238448 1139
2239587 22955
793812345 2262542
3636599 9592
3646191 77
796074887 3646268
7243401 45973
73 305
7289374 378
799721155 7289752
3636599 287
3636886 1618
807010907 3638504
6424129 1245
6425374 2664
810649411 6428038
1761627 16802
8 2
1778429 10
817077449 1778439
1867751 34845
307 512
1902596 819
818855888 1903415
478782 168
478950 10307
820759303 489257
936974 2621
939595 2969
821248560 942564
741994 2220
744214 2170
822191124 746384
936974 85
937059 907
822937508 937966
489257 20
489277 2124
823875474 491401
524288 1245
525533 747
824366875 526280
2685251 21704
124 1077
2706955 1201
824893155 2708156
1355470 12987
2170 1136
1368457 3306
827601311 1371763
2795277 37096
2832373 305
828973074 2832678
1577670 3682
1581352 12253
831805752 1593605
1397735 313
1398048 73
833399357 1398121
2039147 7453
124 64
2046600 188
834797478 2046788
9692796 100352
504 19
9793148 523
836844266 9793671
2097152 29145
124 1382
2126297 1506
846637937 2127803
1398890 16802
1280 242
1415692 1522
848765740 1417214
2832746 18734
504 1882
2851480 2386
850182954 2853866
3826404 12850
3839254 262
853036820 3839516
5003865 69632
994 1876
5073497 2870
856876336 5076367
4398835 24576
200 512
4423411 712
861952703 4424123
4735638 78943
5641 133
4814581 5774
4820355 305
866376826 4820660
7792038 160689
1263 2664
7952727 3927
871197486 7956654
3392302 39
3392341 4096
879154140 3396437
3865376 48388
655 2154
3913764 2809
882550577 3916573
1371763 576
1372339 2048
886467150 1374387
1126670 18734
128 32
1145404 160
887841537 1145564
3658103 48388
7453 74
3706491 7527
3714018 300
888987101 3714318
1639137 2495
1641632 5168
892701419 1646800
2674651 1475
2676126 2664
894348219 2678790
2581219 69632
1263 2486
2650851 3749
897027009 2654600
246652 2006
248658 31
899681609 248689
1382588 5003
899930298 1387591
1778439 929
4 1
1779368 5
901317889 1779373
478950 2107
481057 2721
903097262 483778
26194 1927
903581040 28121
2192752 12726
903609161 2205478
4820660 747
4821407 40
905814639 4821447
3576798 7527
3584325 10
910636086 3584335
1283937 18734
75 907
1302671 982
914220421 1303653
8894126 496497
1247 6738
9390623 7985
915524074 9398608
2181194 300
2181494 1400
924922682 2182894
3749255 2997
3752252 715
927105576 3752967
5501709 4191
29 8
5505900 37
930858543 5505937
9460 715
936364480 10175
3520445 7527
307 29
3527972 336
936374655 3528308
6198568 506
6199074 73728
939902963 6272802
491401 3051
494452 1263
946175765 495715
2682 512105
946671480 514787
1524641 5003
16 8
1529644 24
947186267 1529668
2033227 1176
2034403 1382
948715935 2035785
178794 1876
180670 16689
950751720 197359
2289147 396
2289543 1382
950949079 2290925
1779373 10894
307 256
1790267 563
953240004 1790830
360920 1876
362796 512
955030834 363308
8894126 118193
9792 242
9012319 10034
9022353 4
955394142 9022357
9796836 52
9796888 6738
964416499 9803626
6578325 74446
192 16
6652771 208
974220125 6652979
509484 439
509923 12
980873104 509935
1442572 1927
1444499 10614
981383039 1455113
5091787 160689
1139 6738
5252476 7877
982838152 5260353
3075880 46369
265 576
3122249 841
988098505 3123090
1198589 8624
1207213 439
991221595 1207652
4503195 131072
4096 2048
4634267 6144
992429247 4640411
