2709
1 1
2 2
4 4
8 8
16 16
32 32
64 64
128 128
256 256
512 512
1024 1024
2048 2048
4096 4096
8192 8192
16384 16384
32768 32768
65536 65536
65536 8192
512 256
64 16
8 2
73728 768
80 10
74496 90
74586 1
131072 74587
205659 205659
411318 411318
822636 822636
74587 32768
8192 2048
512 16
4 1
107355 10240
528 5
117595 533
1645272 118128
1763400 1763400
1763400 822636
131072 10240
2048 256
16 4
2586036 141312
2304 20
2727348 2324
3526800 2729672
1763400 74587
16384 4096
1024 256
128 32
20 10
1837987 20480
1280 160
1858467 1440
1859907 30
6256472 1859937
2729672 205659
10240 2324
768 160
10 4
2935331 12564
928 14
2947895 942
8116409 2948837
205659 141312
32768 10240
768 14
346971 43008
782 5
389979 787
11065246 390766
43008 8192
1024 64
5 2
51200 1088
52288 7
11456012 52295
1645272 10240
1440 256
32 4
1655512 1696
1657208 36
11508307 1657244
822636 205659
74587 12564
20 128
1028295 87151
1115446 148
13165551 1115594
1859937 411318
12564 1440
64 4
2271255 14004
2285259 68
14281145 2285327
205659 43008
160 20
248667 180
248847 5
16566472 248852
1859937 248852
32768 4096
1088 80
4 2
2108789 36864
1168 6
2145653 1174
16815324 2146827
20480 2324
533 90
30 5
22804 623
23427 35
18962151 23462
411318 74587
10240 623
20 8
485905 10863
496768 28
18985613 496796
3526800 496796
141312 43008
2324 256
148 1
4023596 184320
2580 149
4207916 2729
19482409 4210645
1115594 205659
36864 2729
1174 5
1321253 39593
1179 90
1360846 1269
23693054 1362115
496796 131072
4096 256
90 5
627868 4352
95 10
632220 105
25055169 632325
496796 118128
4352 36
614924 4388
619312 80
25687494 619392
141312 4388
2729 787
14 90
145700 3516
149216 104
26306886 149320
205659 23462
1174 512
229121 1686
26456206 230807
411318 52295
90 8192
463613 8282
26687013 471895
1362115 149320
23462 8282
36 782
1511435 31744
1543179 818
27158908 1543997
632325 149320
16384 2729
623 14
781645 19113
637 30
800758 667
28702905 801425
496796 74587
8282 942
5 8
571383 9224
580607 13
29504330 580620
3526800 131072
4388 3516
149 10
3657872 7904
3665776 159
30084950 3665935
2586036 20480
2048 14
2606516 2062
2608578 128
33750885 2608706
1115594 12564
7 10
1128158 17
36359591 1128175
4023596 149320
2729 533
30 16
4172916 3262
4176178 46
37487766 4176224
10863 105
10968 512
41663990 11480
1763400 52295
4388 1024
1815695 5412
1821107 8
41675470 1821115
1362115 65536
4388 667
5 64
1427651 5055
1432706 69
43496585 1432775
632325 131072
1696 256
28 30
763397 1952
765349 58
44929360 765407
1859937 205659
20480 1696
148 4
2065596 22176
2087772 152
45694767 2087924
2948837 87151
8282 533
36 20
3035988 8815
3044803 56
47782691 3044859
205659 5412
1686 7
211071 1693
50827550 212764
4210645 822636
52295 2729
256 56
5033281 55024
312 148
5088305 460
51040314 5088765
3526800 11480
818 10
3538280 828
56129079 3539108
781645 8815
7 4
790460 11
59668187 790471
632325 55024
2729 95
687349 2824
690173 7
60458658 690180
65536 35
65571 14
61148838 65585
1432775 55024
5412 2062
90 128
1487799 7474
1495273 218
61214423 1495491
346971 20480
818 16
367451 834
62709914 368285
1821115 4388
1825503 7
63078199 1825510
2948837 19113
2967950 16
64903709 2967966
131072 5412
30 128
136484 158
67871675 136642
411318 2824
128 5
414142 133
414275 10
68008317 414285
2146827 87151
637 14004
2233978 14641
68422602 2248619
580620 5412
460 160
586032 620
70671221 586652
43008 5412
782 8
48420 790
71257873 49210
55024 5412
818 512
60436 1330
71307083 61766
1859937 149320
4096 17
2009257 4113
2013370 128
71368849 2013498
2608706 39593
11 312
2648299 323
73382347 2648622
632325 787
633112 128
76030969 633240
1859937 131072
5055 32
1991009 5087
76664209 1996096
141312 2324
35 80
143636 115
78660305 143751
1825510 9224
620 133
1834734 753
78804056 1835487
1859937 107355
818 105
1967292 923
80639543 1968215
61766 3262
35 148
65028 183
82607758 65211
205659 3516
312 5
209175 317
82672969 209492
1968215 4352
1972567 528
82882461 1973095
1128175 4388
528 2
1132563 530
84855556 1133093
65585 5412
70997 6
85988649 71003
1432775 52295
323 158
1485070 481
86059652 1485551
368285 16384
753 115
384669 868
87545203 385537
20480 158
20638 1174
87930740 21812
3035988 787
3036775 14
87952552 3036789
822636 32
90989341 822668
822668 74587
5412 818
897255 6230
903485 104
91812009 903589
51200 10
51210 16
92715598 51226
571383 3516
256 32
574899 288
575187 2
92766824 575189
248852 52295
2324 4
301147 2328
93342013 303475
346971 3516
95 7
350487 102
93645488 350589
485905 10240
312 10
496145 322
93996077 496467
149320 2062
148 2
151382 150
94492544 151532
2285327 248852
11480 481
2534179 11961
2546140 8
94644076 2546148
2285327 136642
3262 5
2421969 3267
2425236 10
97190224 2425246
2729672 136642
35 30
2866314 65
99615470 2866379
3665935 151532
23462 7474
14 64
3817467 30936
3848403 78
102481849 3848481
3044859 346971
152 95
3391830 247
106330330 3392077
5088765 303475
3267 56
5392240 3323
109722407 5395563
151532 2824
154356 2324
115117970 156680
690180 620
690800 533
115274650 691333
1133093 156680
23462 2328
1289773 25790
1315563 312
115965983 1315875
414285 36864
667 180
451149 847
117281858 451996
1543997 55024
2824 102
1599021 2926
1601947 288
117733854 1602235
390766 16384
80 4
407150 84
119336089 407234
781645 5087
152 159
786732 311
119743323 787043
212764 14641
30 528
227405 558
120530366 227963
2926 133
3059 68
120758329 3127
496796 55024
1024 36
551820 1060
552880 7
120761456 552887
3539108 32768
1440 13
3571876 1453
3573329 80
121314343 3573409
633240 25790
4388 323
659030 4711
663741 11
124887752 663752
212764 28
212792 35
125551504 212827
118128 6230
124358 782
125764331 125140
2146827 55024
5055 28
2201851 5083
125889471 2206934
125140 1088
126228 2324
128096405 128552
156680 4113
160793 7904
128224957 168697
1133093 43008
4113 35
1176101 4148
1180249 14
128393654 1180263
227405 2729
129573917 230134
303475 20638
460 20
324113 480
129804051 324593
691333 25790
2328 20
717123 2348
719471 90
130128644 719561
151532 46
151578 13
130848205 151591
2285327 36864
46 818
2322191 864
130999796 2323055
485905 8815
256 64
494720 320
133322851 495040
3848481 9224
10 16
3857705 26
133817891 3857731
1180263 65585
1088 46
1245848 1134
1246982 8
137675622 1246990
411318 1696
36 80
413014 116
138922612 413130
2323055 74587
6230 637
2397642 6867
2404509 528
139335742 2405037
1763400 3267
1766667 5412
141740779 1772079
903589 39593
2729 5
943182 2734
945916 80
143512858 945996
3044859 184320
14641 7
3229179 14648
3243827 20
144458854 3243847
496796 5412
288 69
502208 357
147702701 502565
2648622 311
2648933 942
148205266 2649875
822668 23462
247 1280
846130 1527
150855141 847657
52295 105
52400 1440
151702798 53840
205659 2926
14 30
208585 44
151756638 208629
1246990 21812
158 180
1268802 338
151965267 1269140
248852 4148
253000 6230
153234407 259230
691333 4711
68 256
696044 324
153493637 696368
36864 1952
38816 90
154190005 38906
2108789 183
2108972 2324
154228911 2111296
36864 847
37711 942
156340207 38653
4207916 2348
14 128
4210264 142
156378860 4210406
451996 7904
32 8
459900 40
160589266 459940
3857731 118128
4148 128
3975859 4276
3980135 16
161049206 3980151
451996 142
452138 4352
165029357 456490
107355 115
107470 323
165485847 107793
259230 16384
1269 148
275614 1417
165593640 277031
414285 32768
312 69
447053 381
165870671 447434
141312 818
142130 1168
166318105 143298
1180263 1952
1182215 10863
166461403 1193078
2271255 338
2271593 5083
167654481 2276676
1133093 30936
26 623
1164029 649
169931157 1164678
5395563 230807
1280 8192
5626370 9472
171095835 5635842
2285327 36
2285363 4096
176731677 2289459
1246990 2926
7 16
1249916 23
179021136 1249939
277031 7474
284505 16384
180271075 300889
903589 25790
1134 2
929379 1136
180571964 930515
801425 6230
95 256
807655 351
181502479 808006
350487 46
350533 13
182310485 350546
324593 14648
637 20
339241 657
182661031 339898
184320 942
185262 768
183000929 186030
2649875 19113
68 768
2668988 836
183186959 2669824
3392077 39593
1269 4
3431670 1273
185856783 3432943
5635842 230807
23 5055
5866649 5078
189289726 5871727
2248619 3267
2251886 667
195161453 2252553
87151 620
87771 2048
197414006 89819
1973095 16384
667 818
1989479 1485
197503825 1990964
463613 623
464236 1088
199494789 465324
765407 35
765442 4096
199960113 769538
1028295 105
1028400 8
200729651 1028408
3243847 71003
923 782
3314850 1705
201758059 3316555
2866379 16384
105 149
2882763 254
205074614 2883017
496796 2580
28 35
499376 63
207957631 499439
89819 11961
46 8
101780 54
208457070 101834
1028408 74587
3059 36
1102995 3095
208558904 1106090
945996 53840
868 32
999836 900
209664994 1000736
1000736 65
1000801 4388
210665730 1005189
2546148 23462
1330 11
2569610 1341
2570951 46
211670919 2570997
25790 142
25932 3059
214241916 28991
1321253 32768
2062 533
1354021 2595
214270907 1356616
1362115 5412
1367527 1696
215627523 1369223
74587 7474
90 80
82061 170
216996746 82231
126228 787
127015 8
217078977 127023
136642 4096
217206000 140738
14648 1174
15822 80
217346738 15902
552887 11961
564848 102
217362640 564950
4210645 499439
1179 32
4710084 1211
4711295 16
217927590 4711311
3229179 357
3229536 11480
222638901 3241016
1432775 39593
2729 180
1472368 2909
225879917 1475277
385537 3059
388596 28
227355194 388624
118128 3095
16 8
121223 24
227743818 121247
350589 11480
152 69
362069 221
227865065 362290
5395563 74587
4148 68
5470150 4216
5474366 5
228227355 5474371
407234 357
407591 95
233701726 407686
324593 8815
36 160
333408 196
234109412 333604
502565 39593
1269 1280
542158 2549
234443016 544707
1193078 36864
104 256
1229942 360
234987723 1230302
1269140 11961
481 20
1281101 501
236218025 1281602
1005189 10968
1016157 30
237499627 1016187
1369223 20638
218 17
1389861 235
238515814 1390096
719561 14004
149 28
733565 177
239905910 733742
847657 23462
6 2304
871119 2310
240639652 873429
253000 2549
255549 142
241513081 255691
1859937 32768
104 10
1892705 114
241768772 1892819
1427651 4276
56 5
1431927 61
243661591 1431988
2729672 74587
6230 35
2804259 6265
245093579 2810524
37711 460
38171 256
247904103 38427
1602235 16384
105 2048
1618619 2153
247942530 1620772
259230 14648
115 623
273878 738
249563302 274616
168697 5078
173775 7904
249837918 181679
101780 717123
250019597 818903
733742 16384
868 1686
750126 2554
250838500 752680
385537 2153
14 5
387690 19
251591180 387709
464236 160
464396 16
251978889 464412
390766 30
390796 4096
252443301 394892
55024 5087
60111 149
252838193 60260
502565 28991
180 942
531556 1122
252898453 532678
485905 2062
487967 68
253431131 488035
362290 2595
364885 36
253919166 364921
414285 28991
738 8
443276 746
444022 4
254284087 444026
769538 2554
772092 4711
254728113 776803
350589 8282
288 17
358871 305
255504916 359176
149320 1453
150773 158
255864092 150931
121247 1174
122421 160
256015023 122581
324593 8192
35 32
332785 67
256137604 332852
495040 667
495707 90
256470456 495797
873429 16384
19 2062
889813 2081
256966253 891894
4023596 107793
6867 148
4131389 7015
4138404 80
257858147 4138484
2323055 25932
2348987 4276
261996631 2353263
1859937 235
1860172 6867
264349894 1867039
1657244 10240
128 2
1667484 130
266216933 1667614
2586036 8815
2594851 16
267884547 2594867
903589 22804
11 46
926393 57
270479414 926450
1602235 152
1602387 2324
271405864 1604711
3316555 32768
623 1168
3349323 1791
273010575 3351114
847657 2729
850386 10
276361689 850396
873429 5412
782 30
878841 812
277212085 879653
4138484 6867
4145351 115
278091738 4145466
1667614 158
1667772 87151
282237204 1754923
414285 11
414296 10240
283992127 424536
2323055 23462
357 8
2346517 365
284416663 2346882
1858467 7
1858474 1024
286763545 1859498
4210645 339241
2 1
4549886 3
288623043 4549889
211071 323
211394 942
293172932 212336
1390096 28991
56 1269
1419087 1325
293385268 1420412
687349 288
687637 160
294805680 687797
186030 620
186650 6
295493477 186656
1667772 23462
1527 149
1691234 1676
1692910 8
295680133 1692918
14648 923
15571 2
297373051 15573
209492 312
209804 787
297388624 210591
186656 16384
1693 256
203040 1949
297599215 204989
230807 10968
160 5
241775 165
297804204 241940
696368 20638
5 10
717006 15
298046144 717021
1892819 43008
317 56
1935827 373
298763165 1936200
850396 530
850926 69
300699365 850995
633240 23462
1440 533
656702 1973
301550360 658675
586652 105
586757 2304
302209035 589061
301147 1791
90 10
302938 100
302798096 303038
879653 7904
887557 180
303101134 887737
619392 5412
158 512
624804 670
303988871 625474
552887 7474
183 68
560361 251
304614345 560612
532678 4352
537030 10
305174957 537040
552887 3095
555982 4113
305711997 560095
2608706 19113
183 58
2627819 241
306272092 2628060
873429 1527
874956 104
308900152 875060
1543997 25932
6 533
1569929 539
309775212 1570468
1772079 2328
311345680 1774407
1369223 818
1370041 8192
313120087 1378233
212827 7474
46 256
220301 302
314498320 220603
3044859 136642
1791 1211
3181501 3002
314718923 3184503
502565 2734
505299 288
317903426 505587
1321253 130
1321383 4388
318409013 1325771
1475277 17
1475294 942
319734784 1476236
496796 923
497719 158
321211020 497877
1269140 1122
1270262 6867
321708897 1277129
212827 4216
217043 533
322986026 217576
1692918 55024
159 128
1747942 287
323203602 1748229
1427651 834
1428485 69
324951831 1428554
3817467 16384
56 2062
3833851 2118
326380385 3835969
1837987 10968
218 16
1848955 234
330216354 1849189
1028408 39593
847 1024
1068001 1871
332065543 1069872
1133093 12564
159 928
1145657 1087
333135415 1146744
2065596 170
2065766 5412
334282159 2071178
696368 9224
149 20
705592 169
336353337 705761
2233978 302
2234280 8815
337059098 2243095
424536 15571
440107 657
339302193 440764
790471 7015
128 4
797486 132
339742957 797618
186656 533
187189 4096
340540575 191285
136642 787
137429 30
340731860 137459
14648 68
14716 2
340869319 14718
1390096 23462
150 256
1413558 406
340884037 1413964
1973095 14716
1987811 360
342298001 1988171
424536 11961
218 64
436497 282
344286172 436779
589061 20638
46 180
609699 226
344722951 609925
3573409 196
3573605 11961
345332876 3585566
350589 2348
352937 3516
348918442 356453
107793 530
108323 1280
349274895 109603
1867039 20638
1088 4
1887677 1092
349384498 1888769
394892 10240
90 64
405132 154
351273267 405286
589061 15902
149 64
604963 213
351678553 605176
2967966 16384
818 1440
2984350 2258
352283729 2986608
184320 80
184400 256
355270337 184656
1115594 8282
1123876 1088
355454993 1124964
32768 254
33022 2304
356579957 35326
1390096 10968
160 256
1401064 416
356615283 1401480
1620772 14004
1634776 1024
358016763 1635800
589061 14648
603709 481
359652563 604190
154356 338
154694 116
360256753 154810
1476236 8192
7 64
1484428 71
360411563 1484499
505587 4352
509939 28
361896062 509967
118128 1676
119804 2
362406029 119806
1774407 818
1775225 36864
362525835 1812089
1692918 12564
159 768
1705482 927
364337924 1706409
496467 148
496615 64
366044333 496679
212827 558
213385 2328
366541012 215713
2425246 35326
56 1088
2460572 1144
366756725 2461716
3044859 74587
416 5087
3119446 5503
369218441 3124949
128552 31744
372343390 160296
89819 61
89880 8192
372503686 98072
1249939 5503
533 32
1255442 565
372601758 1256007
496796 218
497014 4
373857765 497018
4210645 101834
115 637
4312479 752
374354783 4313231
1289773 19113
1174 80
1308886 1254
378668014 1310140
2729672 16384
847 312
2746056 1159
379978154 2747215
101834 324
102158 2926
382725369 105084
663752 4216
667968 1136
382830453 669104
1692918 196
1693114 10863
383499557 1703977
385203534 8815
424536 9224
433760 528
385212349 434288
2353263 33022
864 1330
2386285 2194
385646637 2388479
56 90
388035116 146
160793 1269
162062 128
388035262 162190
4313231 241
4313472 60111
388197452 4373583
1487799 667
1488466 90
392571035 1488556
801425 104
801529 512
394059591 802041
1378233 4148
1382381 2304
394861632 1384685
9472 1128158
396246317 1137630
82231 3095
85326 1136
397383947 86462
1289773 6265
1296038 2304
397470409 1298342
317 55024
398768751 55341
339898 149
340047 180
398824092 340227
5088765 284505
14004 152
5373270 14156
5387426 105
399164319 5387531
340227 158
340385 1174
404551850 341559
204989 80
205069 128
404893409 205197
440107 118128
405098606 558235
1106090 6265
460 2
1112355 462
405656841 1112817
33022 54
33076 1168
406769658 34244
687797 7
687804 512
406803902 688316
414296 1168
415464 512
407492218 415976
1122 1230302
407908194 1231424
273878 148
274026 160
409139618 274186
609925 357
610282 3262
409413804 613544
943182 10
943192 32
410027348 943224
1256007 1952
1257959 2729
410970572 1260688
2947895 105
2948000 14
412231260 2948014
352937 1092
354029 1676
415179274 355705
2747215 12564
746 4
2759779 750
415534979 2760529
274026 148
274174 8
418295508 274182
509967 2348
512315 11961
418569690 524276
15902 480
419093966 16382
28991 558
29549 247
419110348 29796
65585 2824
68409 256
419140144 68665
440764 105
419208809 440869
1892819 29796
90 8
1922615 98
419649678 1922713
1821107 1168
421572391 1822275
2967966 1693
2969659 58
423394666 2969717
471895 6230
5 4
478125 9
426364383 478134
213385 1269
214654 20
426842517 214674
424536 3127
427663 13
427057191 427676
1028408 10240
142 357
1038648 499
427484867 1039147
705592 768
428524014 706360
945996 1341
947337 8192
429230374 955529
3857731 74587
5503 312
3932318 5815
3938133 128
430185903 3938261
589061 7015
596076 5078
434124164 601154
2111296 1122
2112418 12564
434725318 2124982
1543997 16384
1686 32
1560381 1718
436850300 1562099
1570468 14718
311 133
1585186 444
438412399 1585630
488035 2554
490589 4096
439998029 494685
560612 1211
440492714 561823
930515 114
930629 5055
441054537 935684
552880 5
441990221 552885
1401480 8815
1410295 4
442543106 1410299
2289459 30936
2320395 58
443953405 2320453
15573 230134
446273858 245707
496615 5087
446519565 501702
1289773 5815
1295588 324
447021267 1295912
303475 14156
317 105
317631 422
448317179 318053
68665 928
69593 32
448635232 69625
368285 150
368435 2324
448704857 370759
255691 57
255748 2062
449075616 257810
333604 3262
336866 14
449333426 336880
191285 5083
196368 159
449670306 196527
368435 818
369253 1269
449866833 370522
1432775 16384
460 28
1449159 488
450237355 1449647
318053 499
318552 3127
451687002 321679
2397642 1791
2399433 4148
452008681 2403581
1748229 1136
1749365 649
454412262 1750014
706360 46
706406 7904
456162276 714310
137459 116
456876586 137575
118128 312
118440 4
457014161 118444
1039147 16384
150 1174
1055531 1324
457132605 1056855
633240 10863
644103 90
458189460 644193
2948837 12564
1179 28
2961401 1207
458833653 2962608
248852 84
248936 3262
461796261 252198
102158 1686
103844 1024
462048459 104868
4023596 16384
312 2062
4039980 2374
462153327 4042354
2594867 7015
58 149
2601882 207
466195681 2602089
1325 25790
468797770 27115
4313472 818
4314290 16384
468824885 4330674
4549889 102158
1088 528
4652047 1616
473155559 4653663
897255 1453
898708 30
477809222 898738
1413964 1527
1415491 36
478707960 1415527
555982 1676
557658 8
480123487 557666
5088765 259230
351 1417
5347995 1768
480681153 5349763
1106090 5815
65 323
1111905 388
486030916 1112293
203040 158
203198 1269
487143209 204467
211394 180
211574 160
487347676 211734
2146827 14718
2161545 31744
487559410 2193289
168697 2062
170759 512
489752699 171271
1102995 530
1103525 768
489923970 1104293
772092 460
772552 637
491028263 773189
451996 350487
491801452 802483
1325771 12564
1134 158
1338335 1292
492603935 1339627
1249939 159
1250098 4096
493943562 1254194
43008 787
43795 1280
495197756 45075
127023 102
127125 128
495242831 127253
89880 196
90076 2348
495370084 92424
1330 5
495462508 1335
324593 150
324743 2324
495463843 327067
60111 387690
495790910 447801
3432943 49210
637 7
3482153 644
496238711 3482797
619392 74587
499721508 693979
955529 38171
133 10
993700 143
500415487 993843
187189 323
187512 105
501409330 187617
624804 7
624811 533
501596947 625344
31744 69
31813 768
502222291 32581
1039147 836
1039983 183
502254872 1040166
850995 143
851138 9472
503295038 860610
394892 5412
69 10
400304 79
504155648 400383
1693114 1179
1694293 1088
504556031 1695381
1056855 1952
1058807 1179
506251412 1059986
2071178 1686
2072864 2729
507311398 2075593
217576 323
217899 46
509386991 217945
947337 5503
952840 2118
509604936 954958
388624 105
388729 787
510559894 389516
436497 24
510949410 436521
370759 4216
374975 312
511385931 375287
118128 149
118277 90
511761218 118367
537040 78
537118 828
511879585 537946
512315 241
512556 9472
512417531 522028
3044859 9472
320 90
3054331 410
512939559 3054741
2810524 23462
323 1686
2833986 2009
515994300 2835995
3980151 22804
357 95
4002955 452
518830295 4003407
1362115 1693
1363808 1168
522833702 1364976
6256472 196527
17 180
6452999 197
524198678 6453196
1821115 923
1822038 148
530651874 1822186
5635842 128552
834 533
5764394 1367
532474060 5765761
1298342 836
1299178 4276
538239821 1303454
346971 133
347104 1952
539543275 349056
2425246 33076
183 28
2458322 211
539892331 2458533
2013498 27115
105 35
2040613 140
542350864 2040753
459940 1686
461626 1440
544391617 463066
580620 26
580646 620
544854683 581266
15571 150
545435949 15721
2234280 7474
183 20
2241754 203
545451670 2241957
220603 2824
223427 1088
547693627 224515
1604711 1144
1605855 5412
547918142 1611267
69625 320
69945 834
549529409 70779
485905 30
485935 32
549600188 485967
74587 5078
79665 381
550086155 80046
887737 481
888218 753
550166201 888971
1310140 23
1310163 4276
551055172 1314439
1005189 10240
480 102
1015429 582
552369611 1016011
160296 102
160398 128
553385622 160526
3351114 11480
312 90
3362594 402
553546148 3362996
37711 323
38034 11
556909144 38045
6453196 23462
1527 288
6476658 1815
556947189 6478473
3124949 14156
351 80
3139105 431
563425662 3139536
1299178 4148
1303326 10
566565198 1303336
596076 191285
567868534 787361
259230 11961
64 8
271191 72
568655895 271263
204467 1417
568927158 205884
1401064 65028
569133042 1466092
3392077 12564
23 1280
3404641 1303
570599134 3405944
2948837 4113
2952950 2729
574005078 2955679
23462 868
24330 10
576960757 24340
284505 1417
285922 20
576985097 285942
1016187 5087
1021274 133
577271039 1021407
3243847 27115
790 828
3270962 1618
578292446 3272580
39593 1211
40804 1088
581565026 41892
80046 480
80526 787
581606918 81313
340047 241940
581688231 581987
14718 137429
582270218 152147
1705 847657
582422365 849362
74587 4388
78975 149
583271727 79124
131072 1527
132599 158
583350851 132757
1146744 14648
1161392 160
583483608 1161552
1867039 203
1867242 14004
584645160 1881246
127125 137429
586526406 264554
719561 30
719591 10240
586790960 729831
402 7015
587520791 7417
1837987 2328
1840315 1179
587528208 1841494
1892819 24340
26 787
1917159 813
589369702 1917972
1667772 22804
312 80
1690576 392
591287674 1690968
3095 1315563
592978642 1318658
1657244 5078
1662322 1174
594297300 1663496
140 33022
595960796 33162
321679 52288
595993958 373967
1021407 5503
1026910 288
596367925 1027198
1021407 501
1021908 4148
597395123 1026056
354029 942
354971 4
598421179 354975
82231 2304
84535 2
598776154 84537
850926 142
598860691 851068
499439 1330
500769 68
599711759 500837
5765761 7015
5772776 8
600212596 5772784
706406 900
707306 149
605985380 707455
955529 16384
338 1330
971913 1668
606692835 973581
773189 52400
607666416 825589
2206934 15721
2222655 1485
608492005 2224140
691333 1453
692786 78
610716145 692864
478134 1693
479827 4096
611409009 483923
51226 13
51239 942
611892932 52181
375287 8815
384102 128
611945113 384230
3392077 6867
3398944 5412
612329343 3404356
274174 3267
615733699 277441
1585630 1618
1587248 11480
616011140 1598728
1318658 149
1318807 30
617609868 1318837
752680 8815
84 288
761495 372
618928705 761867
1193078 3095
1196173 923
619690572 1197096
688316 2328
620887668 690644
1197096 23462
90 768
1220558 858
621578312 1221416
158 2048
622799728 2206
656702 623
657325 36
622801934 657361
463066 1269
623459295 464335
2909 25790
623923630 28699
851138 56
851194 5055
623952329 856249
407591 211071
624808578 618662
4711311 14716
4726027 928
625427240 4726955
5088765 191285
213 4148
5280050 4361
630154195 5284411
8282 107355
635438606 115637
669104 10968
128 64
680072 192
635554243 680264
2534179 5503
2539682 159
636234507 2539841
241940 3059
244999 149
638774348 245148
1341 1174
639019496 2515
1485551 2062
1487613 80
639022011 1487693
370759 130
370889 1527
640509704 372416
1069872 114
1069986 28991
640882120 1098977
3817467 14718
312 32
3832185 344
641981097 3832529
456490 2549
459039 620
645813626 459659
1069986 10968
323 68
1080954 391
646273285 1081345
850926 46
850972 13
647354630 850985
1197096 10240
13 80
1207336 93
648205615 1207429
1635800 4276
1640076 40
649413044 1640116
1137630 6265
218 95
1143895 313
651053160 1144208
271263 790
272053 69
652197368 272122
1570468 360
1570828 9472
652469490 1580300
252198 36
252234 533
654049790 252767
860610 1952
862562 46
654302557 862608
544707 3127
547834 3516
655165165 551350
339898 128
340026 16
655716515 340042
45075 102
45177 620
656056557 45797
103844 136484
656102354 240328
589061 2580
656342682 591641
1453 496768
656934323 498221
415976 499
416475 6230
657432544 422705
103844 923
104767 80
657855249 104847
220301 1485070
657960096 1705371
230807 738
231545 6867
659665467 238412
1124964 1705
1126669 790
659903879 1127459
2013498 22176
78 317
2035674 395
661031338 2036069
1356616 322
1356938 133
663067407 1357071
1511435 11961
218 28
1523396 246
664424478 1523642
3539108 10863
10 32
3549971 42
665948120 3550013
935684 2926
938610 753
669498133 939363
12564 312
12876 14
670437496 12890
1523642 15721
1539363 3516
670450386 1542879
2206934 431
2207365 7015
671993265 2214380
1449647 8815
95 80
1458462 175
674207645 1458637
1570828 481
1571309 2048
675666282 1573357
55341 186650
677239639 241991
1281602 26
1281628 2048
677481630 1283676
1766667 95
1766762 14
678765306 1766776
625344 2193289
680532082 2818633
1775225 34244
32 16
1809469 48
683350715 1809517
3139536 24340
923 460
3163876 1383
685160232 3165259
1466092 169
1466261 1693
688325491 1467954
512556 56
512612 180
689793445 512792
9472 40
9512 512
690306237 10024
1040166 170
1040336 11961
690316261 1052297
1488466 444022
691368558 1932488
696368 145700
693301046 842068
436779 2926
439705 148
694143114 439853
2546148 644
2546792 15571
694582967 2562363
1766776 4113
1770889 5
697145330 1770894
440869 2346882
698916224 2787751
1835487 1949
1837436 36
701703975 1837472
1775225 31813
1807038 1207
703541447 1808245
173775 533
705349692 174308
2289459 10968
2300427 637
705524000 2301064
1146744 133
1146877 14
707825064 1146891
1620772 143
1620915 10863
708971955 1631778
3165259 8815
35 90
3174074 125
710603733 3174199
2252553 11961
317 95
2264514 412
713777932 2264926
1159 2546140
716042858 2547299
132757 3095
135852 104
718590157 135956
2193289 105
2193394 148
718726113 2193542
187617 2926
190543 20
720919655 190563
2649875 402
2650277 10968
721110218 2661245
277441 1088
278529 160
723771463 278689
82231 1686
83917 35
724050152 83952
317631 220301
724134104 537932
601154 533
601687 528
724672036 602215
92424 927
93351 4113
725274251 97464
3526800 7015
3533815 14
725371715 3533829
1466261 707455
728905544 2173716
719591 1453
721044 158
731079260 721202
461626 116
461742 317
731800462 462059
1775225 24330
1799555 416
732262521 1799971
714310 33076
734062492 747386
2539841 864
2540705 1179
734809878 2541884
2173716 58
2173774 12564
737351762 2186338
2883017 45797
1269 623
2928814 1892
739538100 2930706
1231424 125
1231549 8282
742468806 1239831
1706409 27115
787 10
1733524 797
743708637 1734321
500837 180
501017 5
745442958 501022
272053 410
745943980 272463
955529 93
955622 8815
746216443 964437
2087924 20
747180880 2087944
90076 1341
91417 14
749268824 91431
409413804 340731860
109603 2909
112512 2048
750145664 114560
220603 65
220668 1168
750260224 221836
245148 26
245174 481
750482060 245655
301147 782
301929 768
750727715 302697
231545 2081
233626 2729
751030412 236355
2461716 6
2461722 65536
751266767 2527258
180 20
753794025 200
3550013 5503
95 148
3555516 243
753794225 3555759
227963 69
228032 667
757349984 228699
586757 1527
588284 56
757578683 588340
1021908 1180249
758167023 2202157
1040336 3262
1043598 1696
760369180 1045294
5503 3848403
761414474 3853906
1573357 5412
1578769 1269
765268380 1580038
926393 586032
766848418 1512425
1693 4096
768360843 5789
571383 160
571543 528
768366632 572071
589061 818
589879 2
768938703 589881
416475 1269
417744 80
769528584 417824
143751 1024
144775 512
769946408 145287
2040753 1254
2042007 15902
770091695 2057909
2118 28991
772149604 31109
1081345 1144
1082489 4388
772180713 1086877
121223 143751
773267590 264974
2546148 36
2546184 90
773532564 2546274
2323055 80
2323135 16384
776078838 2339519
61 1000736
778418357 1000797
205884 797618
779419154 1003502
407686 105
407791 787
780422656 408578
1146891 200
1147091 7474
780831234 1154565
898738 381
899119 338
781985799 899457
1580300 1136
1581436 2734
782885256 1584170
285942 8282
152 68
294224 220
784469426 294444
174308 558
174866 5412
784763870 180278
2248619 1705
2250324 115
784944148 2250439
1706409 19113
818 148
1725522 966
787194587 1726488
1620915 533
1621448 10240
788921075 1631688
294444 431
294875 4388
790552763 299263
633240 6867
640107 11
790852026 640118
464236 1060
791492144 465296
1086877 558
1087435 14
791957440 1087449
417824 247
418071 868
793044889 418939
224515 2324
226839 20
793463828 226859
264974 481
265455 2729
793690687 268184
1584170 605176
793958871 2189346
1432775 6230
1439005 460
796148217 1439465
1325771 10240
6 160
1336011 166
797587682 1336177
327067 460
327527 95
798923859 327622
233626 218
233844 512
799251481 234356
434288 787
435075 782
799485837 435857
2787751 1618
2789369 2118
799921694 2791487
1837987 2081
1840068 64
802713181 1840132
209804 312
804553313 210116
633240 2554
635794 13
804763429 635807
1283676 4276
1287952 1024
805399236 1288976
659030 4113
663143 105
806688212 663248
5033281 14156
5047437 533
807351460 5047970
465324 78
465402 1440
812399430 466842
1296038 15902
812866272 1311940
1645272 1325
1646597 558
814178212 1647155
294875 36
294911 928
815825367 295839
3665935 84537
323 8
3750472 331
816121206 3750803
3362996 27115
105 1440
3390111 1545
819872009 3391656
765442 864
766306 768
823263665 767074
105084 787
105871 8
824030739 105879
3229179 719561
824136618 3948740
1859498 28
1859526 32
828085358 1859558
625474 40
625514 1527
829944916 627041
947337 10863
830571957 958200
2425246 20638
317 104
2445884 421
831530157 2446305
447053 256
447309 2
833976462 447311
485935 349056
834423773 834991
1382381 620
1383001 90
835258764 1383091
118444 63
118507 558
836641855 119065
1318807 25790
836760920 1344597
603709 22176
838105517 625885
947337 1174
948511 256
838731402 948767
808006 5503
813509 1269
839680169 814778
1922615 433760
840494947 2356375
170759 1164029
842851322 1334788
560095 160
560255 16
844186110 560271
365 70997
844746381 71362
551350 614924
844817743 1166274
2948837 58
2948895 1952
845984017 2950847
531556 95
531651 28
848934864 531679
217899 565
849466543 218464
1968215 3095
1971310 623
849685007 1971933
733742 11961
745703 104
851656940 745807
547834 451149
852402747 998983
747386 2062
749448 105
853401730 749553
825589 3516
829105 128
854151283 829233
1539363 1485
1540848 637
854980516 1541485
1040336 942
856522001 1041278
3750803 43008
530 32
3793811 562
857563279 3794373
834991 392
835383 5815
861357652 841198
4549889 203
4550092 31744
862198850 4581836
1420412 4352
1424764 90
866780686 1424854
602215 149
602364 1280
868205540 603644
1640116 3267
1643383 20
868809184 1643403
45075 1211
870452587 46286
850985 65536
870498873 916521
1143895 557666
871415394 1701561
118444 25790
873116955 144234
162190 4216
166406 158
873261189 166564
24340 13
24353 64
873427753 24417
776803 65
776868 2062
873452170 778930
1016187 582
1016769 4352
874231100 1021121
20638 183
20821 180
875252221 21001
98072 903589
875273222 1001661
1667772 7417
1675189 2194
876274883 1677383
729831 3323
28 90
733154 118
877952266 733272
1706409 16384
768 2
1722793 770
878685538 1723563
667968 38816
880409101 706784
274616 102
274718 288
881115885 275006
856249 528
856777 4
881390891 856781
2608706 5503
13 64
2614209 77
882247672 2614286
1424764 1308886
884861958 2733650
2955679 1686
2957365 1174
887595608 2958539
370889 623
371512 4
890554147 371516
45797 58
890925663 45855
2628060 16384
1693 512
2644444 2205
890971518 2646649
1936200 16384
2062 8
1952584 2070
893618167 1954654
278529 115
278644 14
895572821 278658
137575 121223
895851479 258798
166564 768
167332 128
896110277 167460
1221416 753
1222169 768
896277737 1222937
253000 1440
254440 10
897500674 254450
3585566 395
3585961 4148
897755124 3590109
1197096 35
1197131 1168
901345233 1198299
862608 1952
864560 68
902543532 864628
74587 365
74952 1417
903408160 76369
633240 133
633373 1088
903484529 634461
231545 311
231856 1269
904118990 233125
1973095 402
1973497 3323
904352115 1976820
605176 3267
608443 828
906328935 609271
2062 73728
906938206 75790
4210645 84535
4295180 2348
907013996 4297528
696368 5412
701780 1174
911311524 702954
829233 3323
832556 152
912014478 832708
532678 1527
534205 2304
912847186 536509
2057909 7417
2065326 46
913383695 2065372
619392 152
619544 787
915449067 620331
999836 512
916069398 1000348
3750803 5815
288 16
3756618 304
917069746 3756922
547834 834
548668 56
920826668 548724
257810 208629
921375392 466439
927 887557
921841831 888484
1222937 5055
1227992 30
922730315 1228022
127125 407686
923958337 534811
417744 36
417780 5
924493148 417785
832708 768
833476 4
924910933 833480
259230 1273
260503 768
925744413 261271
1289773 2118
1291891 36
926005684 1291927
282 1115446
927297611 1115728
943224 1060
944284 7
928413339 944291
1871 575187
929357630 577058
87771 637
88408 10
929934688 88418
930629 149
930778 256
930023106 931034
1197096 929379
930954140 2126475
336880 787
337667 32
933080615 337699
417824 6
417830 128
933418314 417958
589881 1367527
933836272 1957408
69625 1996096
935793680 2065721
3482797 31813
288 323
3514610 611
937859401 3515221
1616 1038648
941374622 1040264
6478473 1127459
7605932 414142
942414886 8020074
333604 323
333927 1179
950434960 335106
847657 105
847762 1280
950770066 849042
5871727 174866
30 1280
6046593 1310
951619108 6047903
1809469 93
957667011 1809562
2161545 782
959476573 2162327
213385 150
213535 95
961638900 213630
1207429 4276
1211705 311
961852530 1212016
215713 288
963064546 216001
656702 2048
963280547 658750
564950 4276
569226 620
963939297 569846
1098977 26
1099003 3262
964509143 1102265
1662322 392
965611408 1662714
1677383 5412
1682795 17
967274122 1682812
1166274 834
1167108 160
968956934 1167268
38653 7
38660 128
970124202 38788
5474371 49210
533 4
5523581 537
970162990 5524118
1602387 753
1603140 128
975687108 1603268
1021908 923
1022831 80
977290376 1022911
808006 1383
809389 3262
978313287 812651
2087944 207
2088151 14004
979125938 2102155
496679 333408
981228093 830087
14718 49210
982058180 63928
452 107470
982122108 107922
2952950 159
2953109 1280
982230030 2954389
560255 273878
985184419 834133
891894 60260
986018552 952154
92424 768
93192 128
986970706 93320
769538 221
769759 528
987064026 770287
1231549 20638
987834313 1252187
822668 152
822820 1686
989086500 824506
19113 667
19780 80
989911006 19860
2669824 45797
17 36
2715621 53
989930866 2715674
1212016 2348
1214364 35
992646540 1214399
368435 2346517
993860939 2714952
1512425 323
1512748 14
996575891 1512762
175 252767
998088653 252942
