208
1 1
2 2
4 4
2 1
8 3
11 2
13 4
11 8
19 4
11 3
23 14
37 4
41 2
14 4
43 18
4 2
61 6
67 4
67 6
61 18
79 4
71 18
79 18
83 18
89 14
89 18
101 8
107 6
109 18
113 18
131 8
131 18
149 2
139 18
149 14
149 18
167 6
173 6
163 18
173 18
181 18
8 4
199 12
211 12
223 4
211 18
227 6
223 18
233 18
251 6
251 12
251 18
257 14
263 14
263 18
269 14
281 12
293 14
8 2
307 10
317 14
331 6
337 10
331 18
347 6
347 12
349 18
359 14
367 12
373 10
379 10
379 18
383 18
397 12
401 18
409 12
419 12
419 14
421 18
431 12
431 18
439 18
19 3
457 22
479 8
479 12
491 12
487 22
503 18
509 14
523 18
541 6
547 10
541 22
563 14
577 10
587 6
23 3
593 26
619 12
619 22
631 12
641 6
631 22
641 18
643 18
647 26
659 18
661 22
673 18
683 18
683 26
701 18
701 26
719 14
727 12
733 10
733 18
739 18
739 22
743 26
751 22
761 26
787 10
263 241
797 504
97 73
1301 170
113 23
1471 136
73 19
1607 92
89 79
1699 168
1607 504
373 349
2111 722
349 317
2833 666
257 233
3499 490
367 307
3989 674
293 277
4663 570
421 383
5233 804
521 443
6037 964
439 433
7001 872
293 263
7873 556
6037 136
6173 337
8429 6510
4663 97
14939 4760
19699 19699
8429 3499
11928 353
39398 12281
51679 51679
14939 3499
223 8
18438 231
103358 18669
122027 122027
19699 14939
722 293
34638 1015
244054 35653
279707 279707
619 6
559414 625
560039 560039
122027 51679
7873 199
173706 8072
181778 163
1120078 181941
1302019 1302019
2604038 2604038
1302019 1015
1303034 7001
5208076 1310035
6518111 6518111
13036222 13036222
13036222 6518111
5208076 1120078
51679 556
19554333 6328154
52235 2833
25882487 55068
26072444 25937555
26072444 25882487
34638 7001
51954931 41639
52009999 51996570
104006569 104006569
208013138 208013138
208013138 25937555
55068 8429
2833 211
233950693 63497
3044 173
234014190 3217
416026276 234017407
