3159
1 1
2 2
4 4
8 8
16 16
32 32
64 64
128 128
256 256
512 512
1024 1024
2048 2048
4096 4096
8192 8192
16384 16384
32768 32768
65536 65536
131072 131072
262144 262144
524288 524288
1048576 1048576
2097152 2097152
4194304 4194304
8388608 8388608
16777216 16777216
33554432 33554432
67108864 67108864
134217728 134217728
268435456 268435456
2048 1024
256 64
16 2
3072 320
18 1
3392 19
65536 3411
68947 32768
8192 4096
3072 128
32 8
101715 12288
3200 40
114003 3240
117243 4
524288 117247
8192 3411
40 8
4 2
11603 48
6 1
11651 7
641535 11658
262144 131072
101715 4096
3072 8
393216 105811
3080 1
499027 3081
1048576 502108
262144 12288
1024 512
320 128
40 2
274432 1536
448 42
275968 490
276458 1
2097152 276459
1048576 393216
8192 2048
128 32
1441792 10240
160 4
1452032 164
2373611 1452196
276459 68947
16384 512
164 64
8 4
345406 16896
228 12
362302 240
3825807 362542
3240 19
8 2
3259 10
4194304 3269
1550684 131072
68947 16896
10240 1024
228 42
1681756 85843
11264 270
1767599 11534
4197573 1779133
16896 8192
512 164
19 4
25088 676
25764 23
5976706 25787
276459 25088
490 2
301547 492
302039 1
6002493 302040
85843 2048
676 12
87891 688
88579 19
6304533 88598
524288 12288
1536 270
12 18
536576 1806
538382 30
6393131 538412
117247 3081
64 42
120328 106
120434 1
8388608 120435
393216 32768
12288 2048
320 40
425984 14336
360 18
440320 378
8509043 440698
131072 32768
16896 3411
48 128
163840 20307
184147 176
8949741 184323
262144 3269
64 32
265413 96
265509 2
9134064 265511
653193 362542
25787 1024
176 32
1015735 26811
208 1
1042546 209
9399575 1042755
362542 16896
2048 688
18 256
379438 2736
382174 274
10442330 382448
265511 12
265523 2048
10824778 267571
267571 1024
209 164
268595 373
11092349 268968
653193 101715
2048 176
19 8
754908 2224
757132 27
11361317 757159
1452196 20307
2736 48
1472503 2784
1475287 64
12118476 1475351
345406 10240
688 320
355646 1008
13593827 356654
131072 8192
492 320
139264 812
13950481 140076
1048576 262144
688 96
1310720 784
1311504 6
14090557 1311510
302040 11658
360 228
313698 588
15402067 314286
1779133 184323
65536 1024
490 4
1963456 66560
2030016 494
16777216 2030510
757159 163840
4096 1536
18 8
920999 5632
926631 26
18807726 926657
653193 12288
1024 7
665481 1031
666512 256
19734383 666768
393216 10240
106 16
403456 122
20401151 403578
2373611 68947
2224 490
2442558 2714
2445272 19
20804729 2445291
502108 1031
274 19
503139 293
503432 18
23250020 503450
403578 14336
512 64
417914 576
418490 1
23753470 418491
641535 4096
784 209
645631 993
24171961 646624
757159 30
757189 1024
24818585 758213
184323 10240
96 1
194563 97
25576798 194660
666768 32768
20307 8
699536 20315
719851 1
25771458 719852
699536 11658
711194 3411
26491310 714605
32768 20315
2784 122
53083 2906
55989 19
27205915 56008
276459 3072
279531 4096
27261923 283627
1048576 140076
16896 512
6 32
1188652 17408
1206060 38
27545550 1206098
1206098 32768
8192 38
1238866 8230
1247096 512
28751648 1247608
163840 8230
26 1536
172070 1562
29999256 173632
538412 68947
5632 2224
38 160
607359 7856
615215 198
30172888 615413
68947 2224
378 8
71171 386
30788301 71557
1015735 12288
256 4
1028023 260
30859858 1028283
926657 32768
12288 1008
959425 13296
972721 2
31888141 972723
173632 3081
42 42
176713 84
33554432 176797
382448 4096
386 512
386544 898
33731229 387442
314286 3269
96 6
317555 102
34118671 317657
719852 14336
293 448
734188 741
34436328 734929
184323 5632
1562 176
189955 1738
191693 8
35171257 191701
131072 4096
30 160
135168 190
35362958 135358
393216 5632
256 8
398848 264
35498316 399112
393216 373
393589 42
35897428 393631
1048576 66560
2048 164
4 1
1115136 2212
1117348 5
36291059 1117353
666768 688
42 1
667456 43
37408412 667499
758213 20315
2906 240
778528 3146
38075911 781674
117247 97
117344 812
38857585 118156
667499 2906
12 128
670405 140
38975741 670545
1452196 17408
2224 7
1469604 2231
1471835 6
39646286 1471841
1311510 66560
898 42
1378070 940
1379010 19
41118127 1379029
2097152 105811
2231 84
2202963 2315
2205278 1
42497156 2205279
1117353 17408
1134761 14336
44702435 1149097
1963456 32768
16896 160
1996224 17056
2013280 19
45851532 2013299
538412 13296
106 492
551708 598
47864831 552306
1117353 12288
492 12
1129641 504
48417137 1130145
1379029 25088
1404117 11534
49547282 1415651
440698 32768
2784 2
473466 2786
476252 1
50962933 476253
194660 32768
12288 812
227428 13100
240528 2
51439186 240530
362302 43
362345 30
51679716 362375
313698 43
313741 270
52042091 314011
1206098 492
1206590 19
52356102 1206609
140076 4096
386 448
144172 834
53562711 145006
302040 5632
688 676
307672 1364
53707717 309036
227428 4096
231524 512
54016753 232036
2030510 1536
16 8
2032046 24
54248789 2032070
283627 17408
6 48
301035 54
56280859 301089
781674 32768
2315 8
814442 2323
816765 1
56581948 816766
120435 993
121428 8192
57398714 129620
262144 940
263084 30
57528334 263114
1149097 32768
1806 240
1181865 2046
57791448 1183911
283627 3200
286827 64
58975359 286891
552306 32768
2323 228
585074 2551
587625 6
59262250 587631
393631 4096
940 7
397727 947
398674 4
59849881 398678
240530 13296
676 7
253826 683
254509 4
60248559 254513
317657 20315
2551 18
337972 2569
340541 128
60503072 340669
117344 102
60843741 117446
379438 1562
381000 40
60961187 381040
1379029 8230
576 378
1387259 954
61342227 1388213
4096 1364
160 7
5460 167
62730440 5627
667499 588
668087 1
62736067 668088
382448 48
382496 3411
63404155 385907
25088 360
25448 42
63790062 25490
17408 38
17446 320
63815552 17766
538412 4096
683 494
542508 1177
63833318 543685
145006 2323
84 97
147329 181
64377003 147510
362542 13100
375642 494
64524513 376136
26811 2736
29547 176
64900649 29723
240530 12288
96 23
252818 119
64930372 252937
1048576 32768
7 12288
1081344 12295
65183309 1093639
552306 20315
2569 42
572621 2611
575232 19
66276948 575251
376136 2714
378850 16
67108864 378866
337972 1177
64 2
339149 66
67487730 339215
972723 12295
84 378
985018 462
67826945 985480
194660 12295
373 32
206955 405
68812425 207360
121428 4096
512 4
125524 516
69019785 126040
147510 1562
149072 2224
69145825 151296
719852 4096
576 8
723948 584
724532 1
69297121 724533
149072 1177
106 48
150249 154
70021654 150403
724533 5632
898 19
730165 917
731082 2
70172057 731084
131072 2906
48 19
133978 67
70903141 134045
816766 101715
2046 260
918481 2306
71037186 920787
176797 5632
1177 128
182429 1305
183734 4
71957973 183738
2205279 71557
8230 940
2276836 9170
2286006 209
72141711 2286215
1779133 182429
97 164
1961562 261
74427926 1961823
317657 17766
741 688
335423 1429
76389749 336852
641535 1177
642712 2551
76726601 645263
615413 1008
616421 10240
77371864 626661
1379029 5632
1031 128
1384661 1159
1385820 2
77998525 1385822
1247608 32768
14336 676
1280376 15012
1295388 48
79384347 1295436
425984 1305
427289 676
80679783 427965
3825807 32768
5632 167
3858575 5799
3864374 1806
81107748 3866180
317657 8230
386 373
325887 759
84973928 326646
71557 13296
119 12
84853 131
85300574 84984
88598 5799
209 96
94397 305
85385558 94702
345406 1305
346711 494
85480260 347205
476253 812
477065 676
85827465 477741
1963456 20315
240 3240
1983771 3480
86305206 1987251
758213 119
758332 13100
88292457 771432
473466 598
474064 898
89063889 474962
207360 7856
96 4
215216 100
89538851 215316
1280376 1562
1281938 3240
89754167 1285178
816766 85843
1364 12
902609 1376
91039345 903985
1550684 32768
11658 270
1583452 11928
1595380 160
91943330 1595540
524288 3480
5 228
527768 233
93538870 528001
194660 42
194702 2048
94066871 196750
670545 12295
23 320
682840 343
94263621 683183
616421 8230
812 96
624651 908
94946804 625559
335423 260
335683 1008
95572363 336691
1595540 56008
5460 42
1651548 5502
1657050 48
95909054 1657098
1310720 293
1311013 164
97566152 1311177
20315 3480
167 264
23795 431
98877329 24226
12295 683
12978 4
98901555 12982
1779133 118156
688 492
1897289 1180
98914537 1898469
286891 11264
42 18
298155 60
100813006 298215
399112 1031
400143 1536
101111221 401679
240530 5799
784 6
246329 790
101512900 247119
207360 947
208307 741
101760019 209048
477741 17766
240 12
495507 252
101969067 495759
56008 373
56381 3392
102464826 59773
816766 17766
27 2224
834532 2251
102524599 836783
150403 264
150667 512
103361382 151179
1081344 10240
30 164
1091584 194
103512561 1091778
1595540 26811
1180 431
1622351 1611
104604339 1623962
836783 84
836867 14336
106228301 851203
477741 209
477950 2
107079504 477952
1415651 10240
490 42
1425891 532
107557456 1426423
771432 154
771586 2231
108983879 773817
1311510 17766
190 676
1329276 866
109757696 1330142
87891 576
88467 7
111087838 88474
347205 3480
373 209
350685 582
111176312 351267
2445291 607359
4096 24
3052650 4120
3056770 898
111527579 3057668
55989 10
114585247 55999
719852 490
720342 3072
114641246 723414
528001 293
528294 2736
115364660 531030
253826 378
254204 23
115895690 254227
240530 106
240636 3392
116149917 244028
1206609 1376
1207985 67
116393945 1208052
17446 85843
117601997 103289
189955 1008
117705286 190963
71557 97
71654 12288
117896249 83942
2032070 32768
17766 405
2064838 18171
2083009 160
117980191 2083169
3057668 94702
576 7
3152370 583
120063360 3152953
542508 256
542764 1
123216313 542765
317657 19
317676 512
123759078 318188
1475351 32768
4120 584
1508119 4704
1512823 43
124077266 1512866
3866180 94702
1738 260
3960882 1998
125590132 3962880
1048576 20315
106 18
1068891 124
129553012 1069015
552306 1159
553465 106
130622027 553571
427965 5799
790 759
433764 1549
131175598 435313
1426423 5799
494 164
1432222 658
131610911 1432880
427965 676
428641 3200
133043791 431841
56008 67
56075 12
134217728 56087
71654 5799
790 908
77453 1698
134273815 79151
1779133 25088
106 4
1804221 110
134352966 1804331
699536 898
700434 7856
136157297 708290
194702 448
195150 18
136865587 195168
538412 3480
190 7
541892 197
137060755 542089
2205279 32768
15012 27
2238047 15039
2253086 360
137602844 2253446
683183 3480
12 490
686663 502
139856290 687165
208307 375642
140543455 583949
121428 917
122345 3080
141127404 125425
53083 1806
106 8
54889 114
141252829 55003
572621 1806
574427 8
141307832 574435
244028 270
244298 19
141882267 244317
254513 1305
255818 38
142126584 255856
572621 198
572819 373
142382440 573192
151296 576
151872 5632
142955632 157504
2445291 356654
2801945 6
143113136 2801951
607359 5799
122 448
613158 570
145915087 613728
18171 812
18983 32
146528815 19015
19015 688
19703 240
146547830 19943
2013299 5799
2019098 1305
146567773 2020403
302040 1364
303404 6
148588176 303410
2445291 318188
5799 1305
2763479 7104
2770583 164
148891586 2770747
24 667499
151662333 667523
215316 2046
217362 43
152329856 217405
163840 2315
166155 1806
152547261 167961
135358 2569
137927 492
152715222 138419
1117353 160
1117513 11651
152853641 1129164
1779133 20315
3259 64
1799448 3323
153982805 1802771
583949 940
584889 5
155785576 584894
2032070 25787
688 19
2057857 707
156370470 2058564
1681756 26811
908 233
1708567 1141
158429034 1709708
700434 947
701381 448
160138742 701829
626661 3269
629930 18
160840571 629948
985480 658
986138 3081
161470519 989219
403578 4704
7 48
408282 55
162459738 408337
183734 340541
162868075 524275
1311510 15012
1326522 160
163392350 1326682
583949 898
164719032 584847
781674 26811
405 240
808485 645
165303879 809130
1015735 10240
167 8
1025975 175
166113009 1026150
701829 97
701926 2
167139159 701928
129620 23
129643 1024
167841087 130667
1238866 2784
1241650 490
167971754 1242140
145006 67
145073 784
169213894 145857
345406 66
345472 1031
169359751 346503
3962880 173632
1611 320
4136512 1931
169706254 4138443
1048576 9170
688 164
1057746 852
173844697 1058598
340669 676
341345 1
174903295 341346
3052650 18
3052668 4
175244641 3052672
382496 67
382563 2906
178297313 385469
2097152 94702
4704 167
2191854 4871
2196725 492
178682782 2197217
1015735 3146
6 40
1018881 46
180879999 1018927
754908 490
755398 1
181898926 755399
435313 264
435577 2224
182654325 437801
1550684 13296
5 240
1563980 245
183092126 1564225
3152953 428641
2046 160
3581594 2206
184656351 3583800
94702 448
95150 8
188240151 95158
626661 2323
628984 373
188335309 629357
587631 5502
593133 30
188964666 593163
32768 84
32852 1536
189557829 34388
1117513 198
1117711 5632
189592217 1123343
2445291 34388
947 17408
2479679 18355
190715560 2498034
105811 5799
1008 7
111610 1015
193213594 112625
71654 97
71751 30
193326219 71781
244028 305
193398000 244333
34388 17446
27 256
51834 283
193642333 52117
3152953 88598
947 378
3241551 1325
193694450 3242876
1058598 8230
240 8
1066828 248
196937326 1067076
781674 24226
7 8
805900 15
198004402 805915
1388213 5799
1177 38
1394012 1215
198810317 1395227
88598 1305
89903 898
200205544 90801
2373611 15039
598 64
2388650 662
200296345 2389312
1452196 12978
1465174 2212
202685657 1467386
435577 947
436524 18
204153043 436542
989219 20315
582 908
1009534 1490
204589585 1011024
1149097 19943
1169040 140
205600609 1169180
670545 8230
293 30
678775 323
206769789 679098
701928 866
702794 5460
207448887 708254
268968 812
269780 378
208157141 270158
131072 27
131099 96
208427299 131195
105811 1536
107347 3081
208558494 110428
1247608 15039
1262647 1611
208668922 1264258
836867 5460
842327 576
209933180 842903
362542 386
362928 3269
210776083 366197
809130 46
809176 4120
211142280 813296
122345 181
211955576 122526
477952 13296
54 834
491248 888
212078102 492136
1996224 15039
2011263 24
212570238 2011287
120435 43
120478 270
214581525 120748
279531 1738
281269 30
214702273 281299
1134761 10240
688 23
1145001 711
214983572 1145712
1326522 375642
216129284 1702164
351267 1305
352572 208
217831448 352780
1452196 8230
26 373
1460426 399
218184228 1460825
477952 4704
482656 741
219645053 483397
553571 9170
512 1
562741 513
220128450 563254
1330142 10240
19 320
1340382 339
220691704 1340721
1595540 15039
492 270
1610579 762
222032425 1611341
2498034 24226
106 270
2522260 376
223643766 2522636
3825807 16896
110 43
3842703 153
226166402 3842856
183734 11534
230009258 195268
1058598 26
230204526 1058624
1508119 176
1508295 12
231263150 1508307
1512866 741
1513607 30
232771457 1513637
4197573 720342
1305 42
4917915 1347
234285094 4919262
607359 940
608299 270
239204356 608569
114003 67
114070 2224
239812925 116294
2064838 1376
2066214 512
239929219 2066726
1513637 20315
2736 16
1533952 2752
241995945 1536704
1340721 20315
405 898
1361036 1303
243532649 1362339
1208052 14336
64 16
1222388 80
244894988 1222468
851203 34388
15039 707
885591 15746
901337 582
246117456 901919
6002493 275968
176 164
6278461 340
247019375 6278801
255856 197
256053 5627
253298176 261680
1657098 16896
97 30
1673994 127
253559856 1674121
553571 7104
19 64
560675 83
255233977 560758
151872 1738
153610 3240
255794735 156850
903985 598
904583 3081
255951585 907664
885591 9170
360 10
894761 370
256859249 895131
2445291 26811
1008 512
2472102 1520
257754380 2473622
482656 96
482752 7
260228002 482759
1264258 1738
1265996 10
260710761 1266006
1623962 17056
1641018 2048
261976767 1643066
2389312 34388
7104 584
2423700 7688
2431388 43
263619833 2431431
149072 405
149477 42
266051264 149519
670545 7104
677649 209
268435456 677858
1963456 2323
1965779 12288
269113314 1978067
2522636 77453
947 32
2600089 979
271091381 2601068
196750 658
197408 1008
273692449 198416
298155 572621
273890865 870776
629948 2611
6 8
632559 14
274761641 632573
585074 1562
586636 106
275394214 586742
252818 585074
275980956 837892
184323 4871
270 160
189194 430
276818848 189624
926657 26811
293 688
953468 981
277008472 954449
6931543 256053
598 2784
7187596 3382
277962921 7190978
240636 494
241130 492
285153899 241622
208307 30
208337 448
285395521 208785
217405 5502
222907 1024
285604306 223931
1042755 1611
1044366 1738
285828237 1046104
34388 10240
208 2
44628 210
286874341 44838
4197573 440698
10240 102
4638271 10342
4648613 320
286919179 4648933
1058624 7104
176 12
1065728 188
291568112 1065916
246329 360
246689 1
292634028 246690
153 301035
292880718 301188
851203 2323
853526 512
293181906 854038
707 298215
294035944 298922
1996224 10240
8 1
2006464 9
294334866 2006473
2097152 66560
1305 160
2163712 1465
296341339 2165177
2601068 43
2601111 38
298506516 2601149
265523 741
266264 1008
301107665 267272
4919262 262144
43 320
5181406 363
301374937 5181769
2389312 12295
2401607 3411
306556706 2405018
1188652 15746
584 43
1204398 627
308961724 1205025
340541 382174
310166749 722715
773817 1429
775246 492
310889464 775738
107347 140
311665202 107487
103289 947
104236 176
311772689 104412
5632 120434
311877101 126066
503450 8230
898 1
511680 899
312003167 512579
2205279 16384
38 373
2221663 411
312515746 2222074
55003 1
314737820 55004
94397 1779133
314792824 1873530
157504 1015
158519 4704
316666354 163223
286827 270
316829577 287097
194702 268968
317116674 463670
222907 270
223177 7
317580344 223184
56381 1364
57745 741
317803528 58486
1681756 5799
198 373
1687555 571
317862014 1688126
276459 293
276752 588
319550140 277340
46 336691
319827480 336737
463670 4120
140 274
467790 414
320164217 468204
1123343 741
1124084 30
320632421 1124114
1340721 4871
19 512
1345592 531
321756535 1346123
885591 24
885615 993
323102658 886608
724533 2251
726784 1364
323989266 728148
88598 5
88603 1008
324717414 89611
1015735 462
1016197 23
324807025 1016220
346711 122
346833 23
325823245 346856
2097152 44838
293 378
2141990 671
326170101 2142661
366197 7688
128 16
373885 144
328312762 374029
1996224 340
1996564 4120
328686791 2000684
3242876 326646
5799 8
3569522 5807
330687475 3575329
3575329 102
3575431 1536
334262804 3576967
440698 131
440829 13100
337839771 453929
1873530 1931
1875461 7856
338293700 1883317
483397 5807
67 812
489204 879
340177017 490083
1266006 12295
164 490
1278301 654
340667100 1278955
1432222 386
1432608 7
341946055 1432615
131099 7
131106 64
343378670 131170
608569 10
608579 4096
343509840 612675
1804331 34388
1806 448
1838719 2254
344122515 1840973
34388 8230
97 4
42618 101
345963488 42719
1709708 14336
38 270
1724044 308
346006207 1724352
1028283 7856
181 8
1036139 189
347730559 1036328
71781 741
72522 12
348766887 72534
1724352 95158
348839421 1819510
3866180 72534
583 2315
3938714 2898
350658931 3941612
972723 9170
320 32
981893 352
354600543 982245
3152953 19943
293 48
3172896 341
355582788 3173237
283627 1376
285003 264
358756025 285267
781674 18355
800029 5502
359041292 805531
1238866 1806
1240672 270
359846823 1240942
1134761 414
1135175 5627
361087765 1140802
66560 119
66679 1031
362228567 67710
1611 135358
362296277 136969
182429 908
183337 12
362433246 183349
279531 228
279759 18
362616595 279777
309036 502
309538 3240
362896372 312778
1069015 7104
16 1
1076119 17
363209150 1076136
95158 654
95812 5460
364285286 101272
1140802 190963
364386558 1331765
1042755 248
1043003 228
365718323 1043231
227428 490
366761554 227918
59773 373
60146 448
366989472 60594
247119 584
247703 2048
367050066 249751
2472102 360
2472462 1024
367299817 2473486
616421 144
616565 3411
369773303 619976
583 301089
370393279 301672
524275 405
370694951 524680
553571 5807
688 2
559378 690
371219631 560068
129620 88579
371779699 218199
677649 160
677809 2
371997898 677811
3057668 54889
3112557 1031
372675709 3113588
1364 699536
375789297 700900
116294 741
117035 4
376490197 117039
58486 23
58509 448
376607236 58957
144172 106
144278 12
376666193 144290
2522636 44838
4871 84
2567474 4955
2572429 260
376810483 2572689
440829 2736
443565 6
379383172 443571
408337 940
409277 256
379826743 409533
926657 8230
270 64
934887 334
380236276 935221
20315 1806
97 12
22121 109
381171497 22230
679098 1549
680647 209
381193727 680856
176797 1806
178603 3080
381874583 181683
895131 940
896071 4096
382056266 900167
3242876 303410
2315 378
3546286 2693
382956433 3548979
1311510 13296
373 270
1324806 643
386505412 1325449
25787 274
26061 164
387830861 26225
1069015 4120
27 320
1073135 347
387857086 1073482
1266006 2898
1268904 1998
388930568 1270902
437801 124
437925 2323
390201470 440248
1093639 15746
1109385 512
390641718 1109897
1048576 23
1048599 512
391751615 1049111
4197573 276459
4474032 3081
392800726 4477113
687165 4120
97 274
691285 371
397277839 691656
309538 274
309812 676
397969495 310488
4477113 4704
66 27
4481817 93
398279983 4481910
667456 14336
402761893 681792
112625 27
112652 688
403443685 113340
409533 7
409540 512
403557025 410052
269780 2906
403967077 272686
145073 1376
404239763 146449
8509043 44838
5460 10
8553881 5470
8559351 19
404386212 8559370
247119 462
247581 23
412945582 247604
29723 2906
32629 4
413193186 32633
55004 386
55390 293
413225819 55683
1331765 84
1331849 2714
413281502 1334563
711194 164
711358 7
414616065 711365
4919262 163223
5082485 7
415327430 5082492
758332 60
758392 3269
420409922 761661
149519 502
421171583 150021
1016220 462
1016682 1738
421321604 1018420
593163 7104
209 228
600267 437
422340024 600704
2601149 114070
84 1806
2715219 1890
422940728 2717109
1177 314286
425657837 315463
1169180 4955
1174135 2254
425973300 1176389
181683 42
181725 19
427149689 181744
158519 741
159260 3072
427331433 162332
84984 2
84986 1
427493765 84987
608579 1303
609882 2752
427578752 612634
1550684 759
1551443 1024
428191386 1552467
1346123 370
1346493 2306
429743853 1348799
341346 27
341373 1536
431092652 342909
1242140 917
1243057 834
431435561 1243891
427289 208
427497 360
432679452 427857
935221 11534
2 1
946755 3
433107309 946758
1177 145006
434054067 146183
1093639 8230
784 96
1101869 880
434200250 1102749
3057668 153
3057821 12982
435302999 3070803
1285178 340
1285518 3480
438373802 1288998
538412 1305
539717 492
439662800 540209
209048 512
209560 8
440203009 209568
2601149 44838
5807 492
2645987 6299
2652286 240
440412577 2652526
511680 741
512421 96
443065103 512517
453929 1998
455927 198
443577620 456125
456125 3259
459384 7
444033745 459391
2222074 576
2222650 3259
444493136 2225909
2498034 1180
2499214 5502
446719045 2504716
189955 209
190164 512
449223761 190676
459391 43
459434 3081
449414437 462515
4648933 5632
4654565 3392
449876952 4657957
44838 1536
46374 128
454534909 46502
563254 264
563518 1562
454581411 565080
16384 19
16403 18
455146491 16421
89903 360
90263 23
455162912 90286
1362339 588
1362927 378
455253198 1363305
677858 232036
456616503 909894
3583800 232036
6299 240
3815836 6539
3822375 490
457526397 3822865
1898469 1364
1899833 25764
461349262 1925597
459434 154
459588 2048
463274859 461636
653193 494
653687 490
463736495 654177
2504716 46
2504762 16384
464390672 2521146
46502 245
46747 1180
466911818 47927
159260 1549
160809 176
466959745 160985
583949 812
584761 19
467120730 584780
84853 2
467705510 84855
4481910 101715
30 270
4583625 300
467790365 4583925
366197 43
366240 274
472374290 366514
287097 167
287264 1738
472740804 289002
122345 2714
473029806 125059
366514 6539
373053 164
473154865 373217
512579 9170
521749 947
473528082 522696
34388 2784
37172 2736
474050778 39908
456125 12
456137 320
474090686 456457
437 125425
474547143 125862
270158 759
270917 154
474673005 271071
1674121 683
474944076 1674804
2645987 43
476618880 2646030
427493765 53562711
393631 516
394147 947
481056476 395094
842903 48
842951 3392
481451570 846343
854038 888
854926 5460
482297913 860386
1899833 2784
1902617 1
483158299 1902618
687165 448
687613 2048
485060917 689661
39908 2231
42139 40
485750578 42179
2142661 305
2142966 7856
485792757 2150822
1028283 2786
1031069 3146
487943579 1034215
428641 264
428905 2784
488977794 431689
246689 3240
489409483 249929
654177 2786
656963 1031
489659412 657994
20315 264
20579 688
490317406 21267
1441792 6539
167 6
1448331 173
490338673 1448504
1643066 176
1643242 40
491787177 1643282
29723 576
30299 270
493430459 30569
195268 167
195435 274
493461028 195709
24 1206060
493656737 1206084
1513637 17766
1531403 598
494862821 1532001
105811 1305
107116 198
496394822 107314
387442 1141
388583 3200
496502136 391783
860386 9170
270 7
869556 277
496893919 869833
1264258 1015
497763752 1265273
303410 347205
499029025 650615
15 255818
499679640 255833
1188652 373
1189025 14336
499935473 1203361
110 1117353
501138834 1117463
67710 117446
502256297 185156
1135175 759
1135934 1364
502441453 1137298
946758 343
947101 5627
503578751 952728
512579 5627
518206 1008
504531479 519214
218199 261
218460 378
505050693 218838
72534 260
72794 2906
505269531 75700
67710 741
68451 494
505345231 68945
1145712 264
1145976 993
505414176 1146969
593163 1562
594725 26
506561145 594751
1460825 741
1461566 6
507155896 1461572
431689 541892
508617468 973581
1046104 55
1046159 1738
509591049 1047897
2097152 2714
2099866 16
510638946 2099882
5181769 150021
5331790 195268
512738828 5527058
218199 66560
518265886 284759
241622 197408
518550645 439030
198416 1008
199424 6
518989675 199430
42719 1303
519189105 44022
254513 164
254677 256
519233127 254933
1281938 2046
1283984 128
519488060 1284112
1189025 5632
1194657 492
520772172 1195149
312778 3480
521967321 316258
181 317657
522283579 317838
543685 386
544071 293
522601417 544364
1475351 26811
1502162 96
523145781 1502258
72522 608569
524648039 681091
1595540 8230
26 228
1603770 254
525329130 1604024
366514 293
366807 512
526933154 367319
151872 83
151955 908
527300473 152863
316258 504
316762 209
527453336 316971
167961 2714
170675 1024
527770307 171699
683183 100
683283 1562
527942006 684845
1018881 29723
528626851 1048604
60594 1016197
529675455 1076791
734929 17766
27 176
752695 203
530752246 752898
562741 1379029
531505144 1941770
53083 175
53258 1180
533446914 54438
629930 11603
533501352 641533
761661 4955
240 164
766616 404
534142885 767020
6539 209560
534909905 216099
443571 83
443654 5502
535126004 449156
632573 940
633513 264
535575160 633777
551708 96
551804 490
536208937 552294
52117 122
52239 23
536761231 52262
2504762 10342
504 160
2515104 664
536870912 2515768
946758 30
946788 23
539386680 946811
287264 759
288023 42
540333491 288065
68947 1305
70252 164
540621556 70416
1036328 2231
1038559 128
540691972 1038687
926657 4704
931361 2224
541730659 933585
594751 741
595492 96
542664244 595588
483397 84
483481 3080
543259832 486561
679098 784
679882 676
543746393 680558
1102749 1429
1104178 42
544426951 1104220
1643282 30
1643312 4096
545531171 1647408
209 14336
547178579 14545
474064 512
474576 128
547193124 474704
223931 252
224183 167
547667828 224350
752898 570
753468 1031
547892178 754499
1026150 576
548646677 1026726
2652526 60594
1998 84
2713120 2082
549673403 2715202
1018927 1562
1020489 812
552388605 1021301
837892 1008
838900 3080
553409906 841980
909894 15
909909 2048
554251886 911957
2205279 7688
2212967 67
555163843 2213034
896071 106
896177 3392
557376877 899569
1902618 532
1903150 15012
558276446 1918162
232036 7104
48 1
239140 49
560194608 239189
2389312 5807
2395119 759
560433797 2395878
1767599 9170
1008 27
1776769 1035
562829675 1777804
3866180 32629
3898809 3081
564607479 3901890
594725 134045
568509369 728770
616565 2231
618796 38
569238139 618834
483397 209048
569856973 692445
544364 181
544545 270
570549418 544815
39908 1305
41213 688
571094233 41901
27 1806
571136134 1833
2315 2231
571137967 4546
2286215 18
2286233 4096
571142513 2290329
646624 683
647307 1806
573432842 649113
870776 7688
119 24
878464 143
574081955 878607
1049111 2315
1051426 64
574960562 1051490
58957 511680
576012052 570637
3242876 218838
741 12
3461714 753
576582689 3462467
16421 256053
580045156 272474
125524 812
580317630 126336
326646 46
326692 7856
580443966 334548
1833 162332
580778514 164165
595588 215216
580942679 810804
1018881 3200
581753483 1022081
427493765 156370470
1073135 137927
583864235 1211062
266264 14
585075297 266278
317676 42
585341575 317718
199430 1215
200645 1549
585659293 202194
244028 119
585861487 244147
104412 1303
586105634 105715
2066726 879
2067605 7856
586211349 2075461
391783 38
391821 1031
588286810 392852
816766 340
817106 4871
588679662 821977
112652 553571
589501639 666223
959425 9170
67 784
968595 851
590167862 969446
1432880 490
1433370 3072
591137308 1436442
4194304 516
4194820 2048
592573750 4196868
722715 40
722755 64
596770618 722819
1215 387442
597493437 388657
683283 979
597882094 684262
4481910 44838
264 1008
4526748 1272
598566356 4528020
2601149 12295
140 492
2613444 632
603094376 2614076
1469604 240
1469844 19
605708452 1469863
499027 741
499768 6
607178315 499774
453929 993
454922 106
607678089 455028
1779133 4955
122 23
1784088 145
608133117 1784233
969446 38
969484 320
609917350 969804
19015 126040
610887154 145055
512579 2786
515365 2231
611032209 517596
1890 1130145
611549805 1132035
1031069 598
1031667 7
612681840 1031674
20579 504
613713514 21083
687165 13100
613734597 700265
1049111 993
1050104 30
614434862 1050134
11928 305
615484996 12233
5082492 7104
5089596 240
615497229 5089836
643 1611341
620587065 1611984
443654 834
444488 2231
622199049 446719
687613 448
688061 6
622645768 688067
1925597 5502
1931099 2224
623333835 1933323
366807 96
366903 2
625267158 366905
79151 393631
625634063 472782
2099882 32629
2132511 3480
626106845 2135991
2099882 127
2100009 9170
628242836 2109179
346833 853526
630352015 1200359
571 18983
631552374 19554
14545 903985
631571928 918530
347205 164
632490458 347369
117446 360
632837827 117806
1903150 2206
1905356 5627
632955633 1910983
303410 1738
305148 993
634866616 306141
316258 164
316422 7
635172757 316429
435577 448
436025 40
635489186 436065
1611984 5627
1617611 1364
635925251 1618975
2652526 15746
576 1
2668272 577
637544226 2668849
734929 16421
751350 245
640213075 751595
1069015 1272
1070287 2714
640964670 1073001
417914 1311504
642037671 1729418
1238866 1536
1240402 16
643767089 1240418
2431431 7104
378 19
2438535 397
645007507 2438932
2290329 1931
2292260 114
647446439 2292374
1404117 9170
97 2
1413287 99
649738813 1413386
2292374 75700
360 23
2368074 383
651152199 2368457
140076 583
140659 3411
653520656 144070
131099 852
653664726 131951
160809 181
653796677 160990
1195149 4546
1199695 131
653957667 1199826
2522636 21267
373 42
2543903 415
655157493 2544318
2522636 430
2523066 20315
657701811 2543381
989219 1562
990781 17408
660245192 1008189
4477113 336852
661253381 4813965
553571 1738
555309 18
666067346 555327
2032070 20307
2052377 48
666622673 2052425
114070 38
114108 320
668675098 114428
139264 492
139756 256
668789526 140012
679098 476252
668929538 1155350
1093639 5502
1099141 576
670084888 1099717
1051426 896071
671184605 1947497
800029 3480
320 2
803509 322
673132102 803831
1340721 1215
673935933 1341936
172070 265523
675277869 437593
145006 398848
675715462 543854
2197217 576
2197793 1806
676259316 2199599
6304533 283
6304816 12288
678458915 6317104
1211062 145
1211207 6539
684776019 1217746
1388213 834
1389047 1562
685993765 1390609
136969 293
137262 360
687384374 137622
122526 1611
124137 264
687521996 124401
1996564 3146
1999710 240
687646397 1999950
1247608 23
1247631 1536
689646347 1249167
1330142 393216
690895514 1723358
684845 676
685521 490
692618872 686011
18983 97
693304883 19080
584761 959425
693323963 1544186
195150 386544
694868149 581694
1622351 54
1622405 1536
695449843 1623941
1140802 688
1141490 8
697073784 1141498
805915 524288
698215282 1330203
1311510 5627
1317137 598
699545485 1317735
60594 1611
62205 176
700863220 62381
869556 982245
700925601 1851801
60146 707
702777402 60853
125059 42
125101 19
702838255 125120
1109385 101
702963375 1109486
107487 1376
108863 32
704072861 108895
3242876 1738
3244614 56008
704181756 3300622
2717109 39908
576 293
2757017 869
707482378 2757886
959425 741
960166 96
710240264 960262
202194 1305
203499 3392
711200526 206891
232036 5799
237835 2
711407417 237837
781674 347
782021 8230
711645254 790251
79151 264
79415 3081
712435505 82496
643 5460
712518001 6103
2763479 1611
2765090 343
712524104 2765433
3113588 26811
240 19
3140399 259
715289537 3140658
1028283 127
1028410 2048
718430195 1030458
1465 527768
719460653 529233
55999 184147
719989886 240146
1124114 2569
1126683 7
720230032 1126690
1067076 1159
1068235 490
721356722 1068725
1295436 7104
1302540 24
722425447 1302564
1073001 339
723728011 1073340
150667 325887
724801351 476554
279777 59773
725277905 339550
866 417914
725617455 418780
87891 140
88031 293
726036235 88324
20579 166155
726124559 186734
431841 834
726311293 432675
218838 757159
726743968 975997
1051490 10240
727719965 1061730
886608 1305
887913 490
728781695 888403
1883317 7104
42 320
1890421 362
729670098 1890783
167961 1031
168992 2
731560881 168994
1317735 4120
209 160
1321855 369
731729875 1322224
495759 25787
733052099 521546
26811 55
26866 1738
733573645 28604
888403 4955
893358 228
733602249 893586
382563 588
383151 784
734495835 383935
56381 494
56875 128
734879770 57003
95158 360
734936773 95518
309812 293
310105 1
735032291 310106
82496 582
83078 233
735342397 83311
680856 678775
735425708 1359631
1532001 274
1532275 688
736785339 1532963
544545 60594
738318302 605139
708290 494
708784 2048
738923441 710832
39908 741
40649 4
739634273 40653
1513637 15746
260 27
1529383 287
739674926 1529670
254933 741
255674 2
741204596 255676
197408 598
198006 373
741460272 198379
306141 52117
741658651 358258
15012 1305
742016909 16317
931361 7856
742033226 939217
71171 274
71445 7
742972443 71452
722819 208
743043895 723027
154 117247
743766922 117401
2801951 79415
320 1
2881366 321
743884323 2881687
1104220 443654
746766010 1547874
237837 513
748313884 238350
121428 274
121702 10
748552234 121712
1331849 993
1332842 30
748673946 1332872
719851 926631
750006818 1646482
232036 124
232160 3072
751653300 235232
223184 209048
751888532 432232
524680 240
524920 228
752320764 525148
189 11534
752845912 11723
366903 1145712
752857635 1512615
77453 129620
754370250 207073
289002 383
289385 8230
754577323 297615
145055 55999
754874938 201054
3583800 62381
19 18
3646181 37
755075992 3646218
439030 6
439036 128
758722210 439164
552294 676
759161374 552970
734929 8230
516 378
743159 894
759714344 744053
2020403 415
2020818 3146
760458397 2023964
1099717 516
1100233 27
762482361 1100260
842951 917
843868 834
763582621 844702
436025 1266006
764427323 1702031
207073 440320
766129354 647393
316762 122345
766776747 439107
150403 54
150457 23
767215854 150480
3962880 85843
1806 40
4048723 1846
767366334 4050569
2132511 2082
2134593 411
771416903 2135004
440829 917
441746 947
773551907 442693
587631 378
588009 448
773994600 588457
1996564 84
1996648 1
774583057 1996649
600267 972721
776579706 1572988
16317 645631
778152694 661948
140076 8192
778814642 148268
203499 228
203727 512
778962910 204239
72794 197
72991 2323
779167149 75314
3962880 880
3963760 32852
779242463 3996612
326692 1177
327869 834
783239075 328703
21267 120328
783567778 141595
935221 477952
783709373 1413173
310106 228
310334 1
785122546 310335
734929 5502
740431 1031
785432881 741462
149519 1241650
786174343 1391169
954449 233
954682 3480
787565512 958162
170675 759
171434 167
788523674 171601
126336 2212
128548 97
788695275 128645
979 356654
788823920 357633
1404117 2048
1406165 8
789181553 1406173
852 1622351
790587726 1623203
145055 181
792210929 145236
95812 1364
97176 97
792356165 97273
41901 26
792453438 41927
3583800 153
3583953 17056
792495365 3601009
1270902 4546
1275448 270
796096374 1275718
68945 758332
797372092 827277
803509 129643
798199369 933152
1183911 12288
799132521 1196199
1513607 71751
800328720 1585358
2614076 18355
2632431 12288
801914078 2644719
986138 2046
988184 512
804558797 988696
2652526 8230
48 256
2660756 304
805547493 2661060
744053 308
744361 5460
808208553 749821
2222650 1611
2224261 598
808958374 2224859
811183233 68945
235232 178603
811252178 413835
1217746 1177
1218923 494
811666013 1219417
1767599 7104
1774703 683
812885430 1775386
7688 318188
814660816 325876
316971 490
317461 7
814986692 317468
53258 582
53840 67
815304160 53907
808485 588
809073 7
815358067 809080
2165177 10342
12 320
2175519 332
816167147 2175851
3548979 1031
3550010 6
818342998 3550016
107347 267571
821893014 374918
318188 1562
822267932 319750
72794 1016682
822587682 1089476
309812 629930
823677158 939742
103289 360
103649 270
824616900 103919
104412 981
824720819 105393
137927 84
824826212 138011
68451 360
68811 1
824964223 68812
4050569 11723
4062292 4096
825033035 4066388
1432615 167
829099423 1432782
2075461 373885
830532205 2449346
304 272474
832981551 272778
2075461 149072
833254329 2224533
376136 1429
377565 24
835478862 377589
10342 584894
835856451 595236
1415651 532
1416183 1024
836451687 1417207
2572689 7104
2579793 24
837868894 2579817
269780 256
270036 1
840448711 270037
714605 954
715559 947
840718748 716506
2544318 4120
2548438 1177
841435254 2549615
990781 405
991186 10240
843984869 1001426
1564225 3323
1567548 2611
844986295 1570159
5181769 40653
5222422 532
846556454 5222954
79415 588
80003 40
851779408 80043
1391169 2569
1393738 128
851859451 1393866
1081344 5470
1086814 190
853253317 1087004
595236 6539
854340321 601775
316422 244298
854942096 560720
67710 20307
855502816 88017
1281938 781674
855590833 2063612
1918162 3480
386 176
1921642 562
857654445 1922204
456457 812
457269 320
859576649 457589
160990 131951
860034238 292941
2449346 1141
2450487 582
860327179 2451069
1109897 870776
862778248 1980673
716506 784
717290 19
864758921 717309
2013299 2611
2015910 2551
865476230 2018461
1311510 4120
1315630 164
867494691 1315794
2881687 20579
2902266 58486
868810485 2960752
1890421 27
1890448 48
871771237 1890496
613728 10
613738 19
873661733 613757
600267 7
600274 40
874275490 600314
619976 462
620438 19
874875804 620457
1146969 176
1147145 1
875496261 1147146
112652 724533
876643407 837185
1475351 4704
1480055 812
877480592 1480867
653193 270
653463 48
878961459 653511
171601 474704
879614970 646305
25448 208
880261275 25656
125101 1141498
880286931 1266599
128548 117401
881553530 245949
1804331 707
1805038 5460
881799479 1810498
4197573 7688
4205261 156850
883609977 4362111
2109179 21267
2130446 899
887972088 2131345
711 71557
890103433 72268
101715 293
102008 160
890175701 102168
4919262 55999
4975261 24226
890277869 4999487
182429 676
183105 40
895277356 183145
749821 60
895460501 749881
933585 373
933958 16
896210382 933974
183738 920787
897144356 1104525
668087 105811
898248881 773898
723414 97
723511 42
899022779 723553
1051490 1008
1052498 3411
899746332 1055909
2551 302040
900802241 304591
885615 209
885824 676
901106832 886500
47927 46
47973 1931
901993332 49904
1089476 1303
1090779 583
902043236 1091362
502108 102
502210 240
903134598 502450
1508119 784
903637048 1508903
126040 3411
905145951 129451
1502258 231524
905275402 1733782
28604 576
29180 26
907009184 29206
114108 979
907038390 115087
292941 2323
295264 240
907153477 295504
317555 920999
907448981 1238554
773817 2
908687535 773819
2668849 12295
2681144 25448
909461354 2706592
1065916 190
1066106 32
912167946 1066138
1363305 370
1363675 3480
913234084 1367155
218460 30569
914601239 249029
1145976 264
914850268 1146240
1490 117243
915996508 118733
1933323 305
1933628 7856
916115241 1941484
954682 27
954709 128
918056725 954837
2523066 122
2523188 10240
919011562 2533428
761661 4120
27 164
765781 191
921544990 765972
1709708 12295
448 16
1722003 464
922310962 1722467
271071 759
271830 2
924033429 271832
1275718 261
1275979 1024
924305261 1277003
2015910 1562
2017472 40
925582264 2017512
239140 93
927599776 239233
1145712 8
927839009 1145720
656963 378
657341 270
928984729 657611
670545 584
671129 993
929642340 672122
1034215 1738
930314462 1035953
224350 264
224614 2224
931350415 226838
12982 417914
931577253 430896
270037 336737
932008149 606774
24226 598
24824 208
932614923 25032
632559 362542
932639955 995101
933635056 443571
2032070 83
2032153 5460
934078627 2037613
446719 30
446749 23
936116240 446772
2960752 83311
240 228
3044063 468
936563012 3044531
1066138 584
939607543 1066722
125862 314011
940674265 439873
1585358 1325
1586683 2714
941114138 1589397
279759 222907
942703535 502666
1547874 1305
1549179 256
943206201 1549435
171699 209
171908 106
944755636 172014
575251 1325
576576 448
944927650 577024
1018420 6
1018426 64
945504674 1018490
3300622 16317
3316939 3
946523164 3316942
2717109 14545
2731654 334
949840106 2731988
1931099 373
1931472 128
952572094 1931600
1076791 1031
1077822 2
954503694 1077824
502666 1345592
955581518 1848258
870776 4096
874872 2048
957429776 876920
2681144 38
2681182 1806
958306696 2682988
462 66560
960989684 67022
2037613 260
2037873 2224
961056706 2040097
672122 2736
674858 23
963096803 674881
584847 11651
963771684 596498
164165 30
964368182 164195
5460 1475351
964532377 1480811
1066828 138419
966013188 1205247
477741 503450
967218435 981191
72522 29547
968199626 102069
1222468 7688
42 48
1230156 90
968301695 1230246
118733 784
119517 1
969531941 119518
734929 106
735035 4096
969651459 739131
896177 96
896273 19
970390590 896292
3941612 343
3941955 15012
971286882 3956967
1733782 681792
975243849 2415574
1026726 209
1026935 8
977659423 1026943
1087004 1008
1088012 378
978686366 1088390
397 272474
979774756 272871
1983771 688
980047627 1984459
2611 48
982032086 2659
575251 29547
982034745 604798
3462467 16896
3479363 11603
982639543 3490966
209568 190
209758 741
986130509 210499
896273 88579
986341008 984852
606774 238350
987325860 845124
2013299 176
2013475 688
988170984 2014163
3601009 37172
3638181 658
990185147 3638839
489204 128
993823986 489332
935221 100
935321 3269
994313318 938590
88017 362375
995251908 450392
90801 2224
93025 4
995702300 93029
29206 68451
995795329 97657
1087004 391821
995892986 1478825
362345 53083
997371811 415428
