2497
1 1
2 2
4 4
8 8
16 16
32 32
64 64
128 128
256 256
512 512
1024 1024
2048 2048
4096 4096
8192 8192
16384 16384
32768 32768
65536 65536
131072 131072
262144 262144
524288 524288
1048576 1048576
2097152 2097152
4194304 4194304
8388608 8388608
16777216 16777216
33554432 33554432
16384 8192
4096 2048
512 256
32 16
4 2
24576 6144
768 48
6 1
30720 816
31536 7
32768 31543
1024 128
1152 1
65536 1153
31543 128
64 7
31671 71
31742 48
66689 31790
32768 1153
48 4
33921 52
33973 1
262144 33974
98479 8192
4096 6
106671 4102
110773 256
296118 111029
16384 512
16896 32
407147 16928
33974 6144
768 1024
40118 1792
524288 41910
512 128
71 8
640 79
566198 719
131072 41910
16928 2048
719 32
7 8
172982 18976
751 15
191958 766
566917 192724
111029 8192
4102 512
32 7
119221 4614
39 6
123835 45
759641 123880
111029 4614
816 32
4 1
115643 848
116491 5
883521 116496
41910 4614
1024 71
46524 1095
47619 6
1000017 47625
98479 2048
1153 256
128 16
100527 1409
144 2
101936 146
1048576 102082
24576 4614
79 64
29190 143
1150658 29333
131072 2048
512 48
133120 560
133680 64
1179991 133744
18976 2048
560 16
7 4
21024 576
21600 11
1313735 21611
66689 6144
1792 79
6 16
72833 1871
74704 22
1335346 74726
30720 719
31439 2
1410072 31441
133744 29333
163077 2048
1441513 165125
47625 8192
1409 144
55817 1553
57370 15
1606638 57385
31790 256
52 64
32046 116
1664023 32162
74726 8192
6144 1792
48 1
82918 7936
90854 49
1696185 90903
4614 576
5190 768
1787088 5958
21024 146
79 4
21170 83
1793046 21253
192724 21024
213748 18976
1814299 232724
32162 143
32305 39
2047023 32344
57385 1871
71 71
59256 142
2097152 59398
74726 5958
45 16
80684 61
2156550 80745
47625 6144
1153 146
48 8
53769 1299
55068 56
2237295 55124
296118 66689
39 4
362807 43
2292419 362850
21611 848
22459 1152
2655269 23611
2048 1871
142 32
3919 174
2678880 4093
165125 5190
146 15
170315 161
2682973 170476
8192 2048
1153 48
10240 1201
11441 64
2853449 11505
192724 8192
640 6
200916 646
201562 48
2864954 201610
6144 751
6895 256
3066564 7151
24576 161
24737 1871
3073715 26608
172982 4614
43 49
177596 92
3100323 177688
106671 1201
107872 766
3278011 108638
16928 45
16973 128
3386649 17101
21611 256
174 11
21867 185
22052 16
3403750 22068
90903 2048
848 116
92951 964
93915 6
3425818 93921
32046 16
32062 4
3519739 32066
47625 5190
2 1
52815 3
3551805 52818
201610 32
201642 2
3604623 201644
133744 11505
256 185
32 1
145249 441
145690 33
3806267 145723
21253 79
21332 256
3951990 21588
18976 1153
3973578 20129
47625 1299
5 52
48924 57
3993707 48981
33974 22
33996 1153
4194304 35149
362850 8192
441 32
371042 473
371515 4
4229453 371519
133744 1871
135615 52
4600972 135667
119221 2048
1299 22
121269 1321
122590 79
4736639 122669
163077 1553
142 39
164630 181
4859308 164811
201644 2048
32 8
203692 40
5024119 203732
30720 560
31280 71
5227851 31351
52818 11
52829 15
5259202 52844
18976 71
5312046 19047
11505 2048
1024 39
13553 1063
14616 7
5331093 14623
74726 4614
56 144
79340 200
5345716 79540
119221 142
119363 48
5425256 119411
22459 473
22932 3
5544667 22935
123880 4614
33 185
128494 218
5567602 128712
66689 3919
144 5
70608 149
5696314 70757
70757 1201
11 16
71958 27
5767071 71985
35149 4102
441 8
39251 449
5839056 39700
100527 848
79 7
101375 86
5878756 101461
371519 24737
441 1
396256 442
5980217 396698
32768 43
32811 560
6376915 33371
165125 1321
166446 1201
6410286 167647
48924 108638
6577933 157562
71985 128
72113 32
6735495 72145
111029 256
144 4
111285 148
6807640 111433
70608 15
70623 16
6919073 70639
40118 181
40299 174
6989712 40473
26608 2048
256 143
28656 399
29055 39
7030185 29094
262144 4614
473 2
266758 475
7059279 267233
116496 61
116557 751
7326512 117308
203732 2048
200 1152
205780 1352
7443820 207132
48981 2048
848 45
51029 893
51922 48
7650952 51970
7702922 59256
22935 256
15 79
23191 94
7762178 23285
32062 174
7785463 32236
296118 51922
39 2
348040 41
7817699 348081
4102 475
32 2
4577 34
8165780 4611
74726 2048
94 256
76774 350
8388608 77124
7151 473
7624 3
8465732 7627
10240 45
10285 64
8473359 10349
11505 148
11653 768
8483708 12421
13553 52
13605 8
8496129 13613
35149 2048
576 15
37197 591
37788 16
8509742 37804
145723 2048
1553 116
147771 1669
149440 22
8547546 149462
24737 57385
8697008 82122
207132 6144
441 7
213276 448
8779130 213724
80684 57385
8992854 138069
59398 22
59420 719
9130923 60139
74726 719
75445 79
9191062 75524
6144 449
6593 45
9266586 6638
11505 43
11548 71
9273224 11619
52844 218
32 4
53062 36
9284843 53098
90903 766
91669 48
9337941 91717
22932 145723
9429658 168655
407147 12421
848 15
419568 863
420431 6
9598313 420437
24737 1792
26529 8
10018750 26537
2048 64
2112 2
10045287 2114
4102 399
16 4
4501 20
10047401 4521
80745 964
81709 1
10051922 81710
24737 200
24937 48
10133632 24985
10349 766
11115 79
10158617 11194
5190 399
22 7
5589 29
10169811 5618
4102 200
4302 48
10175429 4350
135615 32305
10179779 167920
79540 5190
10347699 84730
6593 1553
10432429 8146
135667 1201
136868 174
10440575 137042
232724 8192
964 646
240916 1610
10577617 242526
170476 1063
171539 116
10820143 171655
29333 116
29449 768
10991798 30217
55817 116
55933 751
11022015 56684
123880 2114
71 32
125994 103
11078699 126097
77124 646
77770 1299
11204796 79069
41910 399
42309 719
11283865 43028
30720 11
30731 15
11326893 30746
232724 964
7 48
233688 55
11357639 233743
10349 560
10909 15
11591382 10924
7936 11
7947 71
11602306 8018
262144 181
262325 143
11610324 262468
262325 30217
11872792 292542
11194 92
12165334 11286
29055 6
12176620 29061
2114 185
2299 48
12205681 2347
11 47625
12208028 47636
56684 61
56745 144
12255664 56889
66689 149
66838 646
12312553 67484
33996 20129
12380037 54125
19047 31543
12434162 50590
30731 21867
12484752 52598
149462 6638
156100 816
12537350 156916
157562 2347
1299 128
159909 1427
12694266 161336
102082 144
102226 766
12855602 102992
64311 256
64567 8
12958594 64575
29449 441
29890 43
13023169 29933
213748 14623
149 144
228371 293
13053102 228664
67484 399
67883 1871
13281766 69754
11653 34
11687 640
13351520 12327
296118 24985
56 1024
321103 1080
13363847 322183
11548 816
13686030 12364
11194 34
13698394 11228
4611 93915
13709622 98526
26608 11
26619 576
13808148 27195
42309 83
42392 143
13835343 42535
168655 475
169130 61
13877878 169191
117308 6
117314 8
14047069 117322
111433 2347
113780 83
14164391 113863
60139 94
60233 1553
14278254 61786
51970 79
52049 32
14340040 52081
50590 45
50635 48
14392121 50683
169191 15
169206 48
14442804 169254
108638 1610
52 6
110248 58
14612058 110306
102992 473
103465 1201
14722364 104666
475 10240
14827030 10715
185 46524
14837745 46709
396698 1201
397899 43
14884454 397942
98526 34
15282396 98560
66838 61
66899 512
15380956 67411
4577 56
15448367 4633
128712 863
129575 766
15453000 130341
39251 185
39436 48
15583341 39484
13613 473
14086 3
15622825 14089
11687 3919
15636914 15606
8192 646
8838 11
15652520 8849
19047 116
19163 128
15661369 19291
52081 399
52480 7
15680660 52487
10715 15
10730 52
15733147 10782
4501 52
15743929 4553
70623 2
15748482 70625
213748 448
214196 11
15819107 214207
6895 7
6902 128
16033314 7030
163077 399
163476 149
16040344 163625
33996 640
16203969 34636
52081 146
52227 128
16238605 52355
4302 70608
16290960 74910
52355 57
52412 45
16365870 52457
79540 39
79579 768
16418327 80347
267233 2347
1427 15
269580 1442
271022 48
16498674 271070
23611 475
24086 473
16777216 24559
40473 146
40619 1095
16801775 41714
11548 4093
16843489 15641
34636 92
34728 142
16859130 34870
43028 2112
45140 11
16894000 45151
4350 52
4402 7
16939151 4409
172982 2347
218 92
175329 310
16943560 175639
117322 94
117416 576
17119199 117992
102992 350
103342 4
17237191 103346
65536 36
65572 350
17340537 65922
177688 1792
64 4
179480 68
17406459 179548
79579 591
17586007 80170
1201 40118
17666177 41319
8849 848
9697 6
17707496 9703
35149 1669
64 32
36818 96
17717199 36914
232724 56
232780 52
17754113 232832
96 8146
17986945 8242
179548 2048
52 1
181596 53
17995187 181649
37197 143
37340 146
18176836 37486
40299 111029
18214322 151328
27195 57
27252 174
18365650 27426
271070 8849
279919 2048
18393076 281967
4611 30720
18675043 35331
37197 1409
18710374 38606
117416 310
18748980 117726
12421 72113
18866706 84534
113863 473
114336 15
18951240 114351
79579 57
19065591 79636
72833 512
73345 8
19145227 73353
147771 128
147899 8
19218580 147907
29933 20
19366487 29953
8018 52
8070 71
19396440 8141
6144 142
6286 48
19404581 6334
11286 33
19410915 11319
24985 893
25878 27
19422234 25905
233743 2347
181 174
236090 355
19448139 236445
55933 11548
19684584 67481
233743 6144
19752065 239887
129575 170315
19991952 299890
114351 86
114437 449
20291842 114886
67883 52815
20406728 120698
35149 119221
20527426 154370
47619 52
20681796 47671
29190 52
29242 8
20729467 29250
31543 52
31595 8
20758717 31603
1409 4102
20790320 5511
21588 46524
20795831 68112
24937 51970
20863943 76907
43 848
20940850 891
30217 94
30311 161
20941741 30472
10349 7936
20972213 18285
26608 3919
20990498 30527
93915 1095
21021025 95010
1871 47625
21116035 49496
23611 56
23667 146
21165531 23813
52049 7151
21189344 59200
21588 3
21248544 21591
299890 20129
146 48
320019 194
21270135 320213
79069 144
79213 52
21590348 79265
82122 36
82158 350
21669613 82508
33996 350
34346 6
21752121 34352
6638 83
6721 144
21786473 6865
161336 442
161778 576
21793338 162354
281967 181
282148 512
21955692 282660
11653 86
22238352 11739
22068 1553
22250091 23621
117992 19163
22273712 137155
171655 310
171965 816
22410867 172781
240916 4350
22583648 245266
15641 473
16114 161
22828914 16275
93921 92
94013 128
22845189 94141
14616 29333
22939330 43949
13023169 10047401
24559 8
24567 2
23070570 24569
33 22052
23095139 22085
21600 256
23117224 21856
8141 399
23139080 8540
23285 16896
23147620 40181
42309 33974
23187801 76283
22459 83
22542 256
23264084 22798
5618 256
23286882 5874
59256 29190
23292756 88446
73353 4577
23381202 77930
47671 21253
23459132 68924
8070 11548
23528056 19618
191958 399
22 6
192357 28
23547674 192385
296118 2347
142 560
298465 702
23740059 299167
4350 39251
24039226 43601
101461 128
101589 64
24082827 101653
33921 71
24184480 33992
11739 350
12089 8
24218472 12097
69754 8192
24230569 77946
37340 32305
24308515 69645
22845189 2047023
98560 144
98704 766
24892212 99470
14089 11286
24991682 25375
560 64
25017057 624
174 5190
25017681 5364
1201 116
25023045 1317
348081 1317
349398 11194
25024362 360592
16973 33973
25384954 50946
24985 293
25278 33
25435900 25311
43028 174
43202 5
25461211 43207
11505 32046
25504418 43551
22085 67883
25547969 89968
1080 72113
25637937 73193
240916 1152
242068 4
25711130 242072
79636 81709
25953202 161345
293 77770
26114547 78063
19618 1792
26192610 21410
29953 57
30010 174
26214020 30184
104666 576
105242 816
26244204 106058
11505 59256
26350262 70761
39436 52081
26421023 91517
322183 891
323074 7936
26512540 331010
32344 45
32389 6
26843550 32395
32066 1299
26875945 33365
362850 1321
364171 751
26909310 364922
2347 41
2388 399
27274232 2787
27274232 4521
14623 144
14767 816
27278753 15583
2299 1352
27294336 3651
201610 8
201618 4
27297987 201622
170476 449
170925 512
27499609 171437
29 399
27671046 428
24086 181
24267 142
27671474 24409
66899 16
66915 8
27695883 66923
29094 143
27762806 29237
71958 61
27792043 72019
15641 143
15784 144
27864062 15928
6286 80347
27879990 86633
4501 48
27966623 4549
22 8
27971172 30
119411 68
119479 646
27971202 120125
81709 218
28091327 81927
52081 3919
28173254 56000
23191 26608
28229254 49799
45151 128
45279 2
28279053 45281
126097 146
126243 512
28324334 126755
17101 143
17244 45
28451089 17289
40619 31439
28468378 72058
20129 768
20897 2
28540436 20899
2112 640
28561335 2752
79579 7936
28564087 87515
100527 3
100530 646
28651602 101176
320213 473
320686 161
28752778 320847
24567 7151
29073625 31718
23621 3919
29105343 27540
52815 4614
29132883 57429
23285 14623
29190312 37908
192724 1080
193804 964
29228220 194768
37197 22
29422988 37219
371519 4402
375921 848
29460207 376769
331010 57
331067 816
29836976 331883
149462 399
149861 149
30168859 150010
43207 86
43293 161
30318869 43454
12097 175329
30362323 187426
50683 473
30549749 51156
299890 11739
146 7
311629 153
30600905 311782
154370 8
154378 1
30912687 154379
293 4614
31067066 4907
8242 47619
31071973 55861
117992 256
118248 4
31127834 118252
40619 646
41265 52
31246086 41317
34636 56684
31287403 91320
19291 103
31378723 19394
56000 29
56029 640
31398117 56669
15928 19618
31454786 35546
43949 1063
31490332 45012
2787 83
2870 146
31535344 3016
442 164630
31538360 165072
245266 14767
142 143
260033 285
31703432 260318
172982 96
173078 1080
31963750 174158
29 31671
32137908 31700
154379 751
155130 768
32169608 155898
15928 29933
32325506 45861
30217 163077
32371367 193294
207132 964
208096 144
32564661 208240
7624 174
32772901 7798
53098 43
53141 560
32780699 53701
126755 3
126758 1553
32834400 128311
13613 55817
32962711 69430
68924 442
69366 16
33032141 69382
57385 79
33101523 57464
29061 51922
33158987 80983
8018 1299
33239970 9317
164811 1024
33249287 165835
30746 24985
33554432 55731
30311 48
30359 64
33610163 30423
181 441
33640586 622
35331 646
33641208 35977
52829 172982
33677185 225811
225811 36
225847 964
33902996 226811
32395 128
32523 4
34129807 32527
87515 11
87526 766
34162334 88292
271070 2388
11 79
273458 90
34250626 273548
23621 143
34524174 23764
69382 25878
34547938 95260
232832 49
232881 256
34643198 233137
1442 13553
34876335 14995
371519 719
372238 640
34891330 372878
20129 142
20271 71
35264208 20342
15641 14623
35284550 30264
137155 4614
35314814 141769
86633 43
86676 512
35456583 87188
22085 83
22168 256
35543771 22424
14767 1317
35566195 16084
2787 47619
35582279 50406
22085 766
35632685 22851
27297987 8547546
311782 449
312231 473
35845533 312704
110306 149
110455 200
36158237 110655
29890 448
36268892 30338
70625 1299
36299230 71924
84730 33973
36371154 118703
6593 7627
36489857 14220
702 40299
36504077 41001
72058 1409
36545078 73467
48981 399
3 22
49380 25
36618545 49405
163077 153
163230 194
36667950 163424
299890 4614
304504 79
36831374 304583
6895 816
37135957 7711
285 23191
37143668 23476
43028 242526
37167144 285554
43949 1024
6 32
44973 38
37452698 45011
9697 76774
37497709 86471
6334 33996
37584180 40330
56029 242068
37624510 298097
156916 473
157389 161
37922607 157550
29250 143
38080157 29393
3016 475
3491 33
38109550 3524
141769 473
142242 1153
38113074 143395
50590 591
38256469 51181
149440 148
38307650 149588
105242 11
105253 15
38457238 105268
29242 2048
38562506 31290
67481 2048
38593796 69529
260033 56889
38663325 316922
26537 1153
38980247 27690
87515 170925
39007937 258440
173078 816
173894 64
39266377 173958
364922 83
365005 1095
39440335 366100
39 79
39806435 118
187426 475
187901 1871
39806553 189772
32527 165835
39996325 198362
8141 218
40194687 8359
146 1024
40203046 1170
441 6
40204216 447
120125 11653
40204663 131778
81710 79
81789 52
40336441 81841
201644 185
201829 1299
40418282 203128
7711 79636
40621410 87347
23476 56000
40708757 79476
11548 52
40788233 11600
12327 34
40799833 12361
98704 71
98775 128
40812194 98903
17289 473
17762 79
40911097 17841
362850 146
362996 1
40928938 362997
155130 77930
41291935 233060
23191 22459
41524995 45650
473 31742
41570645 32215
5958 79
6037 52
41602860 6089
35977 41319
41608949 77296
893 33
41686245 926
90 10730
41687171 10820
3491 52049
41697991 55540
15928 30472
41753531 46400
14089 1095
41799931 15184
14767 57
41815115 14824
102226 33
41829939 102259
73353 98560
41932198 171913
442 119411
42104111 119853
90854 33973
42223964 124827
45861 4521
42348791 50382
33992 33371
42399173 67363
52480 5618
42466536 58098
1170 34728
42524634 35898
52598 49
42560532 52647
45012 67481
42613179 112493
46709 69754
42725672 116463
364171 48
364219 128
42842135 364347
228664 92
228756 766
43206482 229522
34728 321103
43436004 355831
7151 56
43791835 7207
126758 79
126837 32
43799042 126869
14995 105242
43925911 120237
58 5618
44046148 5676
12421 146
12567 751
44051824 13318
18285 4102
44065142 22387
43454 236090
44087529 279544
39251 21867
44367073 61118
24086 45
24131 79
44428191 24210
8359 14623
44452401 22982
9317 64
9381 1
44475383 9382
9381 128712
44484765 138093
11619 59420
44622858 71039
89968 646
90614 4
44693897 90618
40181 34352
44784515 74533
2112 5190
44859048 7302
239887 74726
44866350 314613
138093 560
138653 8
45180963 138661
3016 350
3366 41
45319624 3407
2112 119363
45323031 121475
77124 32
45444506 77156
81841 45
45521662 81886
282660 640
283300 48
45603548 283348
46709 293
47002 256
45886896 47258
115643 200
115843 144
45934154 115987
13605 8192
46050141 21797
6865 32811
46071938 39676
142242 23813
46111614 166055
14086 3919
46277669 18005
27252 3919
46295674 31171
2787 1024
46326845 3811
169130 40473
46330656 209603
114886 200
115086 185
46540259 115271
52457 145723
46655530 198180
7711 40619
46853710 48330
7711 203692
46902040 211403
151328 473
151801 4
47113443 151805
103342 80347
47265248 183689
46400 131072
47448937 177472
61786 1669
63455 49
47626409 63504
50946 169191
47689913 220137
22168 144
47910050 22312
181649 149
181798 1553
47932362 183351
11600 320213
48115713 331813
59200 48
48447526 59248
125994 1153
48506774 127147
442 1553
48633921 1995
123880 442
124322 43
48635916 124365
51156 3
48760281 51159
156100 31536
48811440 187636
82918 83
83001 848
48999076 83849
143 1095
49082925 1238
36818 32062
49084163 68880
14616 71
49153043 14687
119479 52815
49167730 172294
14089 54125
49340024 68214
207132 116496
49408238 323628
88446 1299
89745 146
49731866 89891
18285 560
18845 79
49821757 18924
12327 200
49840681 12527
31595 51970
49853208 83565
442 512
49936773 954
4521 116
49937727 4637
208096 50946
49942364 259042
964 1792
50201406 2756
5618 106671
50204162 112289
3366 27
50316451 3393
167920 256
168176 32
50319844 168208
41317 31671
50488052 72988
285 8141
50561040 8426
267233 57
267290 1871
50569466 269161
19047 64311
50838627 83358
4611 4614
50921985 9225
475 512
50931210 987
25278 79540
50932197 104818
137155 11286
51037015 148441
41001 29237
51185456 70238
397942 863
398805 40
51255694 398845
57 174
51654539 231
147907 146
148053 52
51654770 148105
24569 1299
51802875 25868
37486 449
51828743 37935
25 236090
51866678 236115
1170 233743
52102793 234913
893 52
52337706 945
126097 93915
52338651 220012
3919 11
52558663 3930
17101 1201
52562593 18302
22068 79
52580895 22147
355 1352
52603042 1707
78063 149
78212 560
52604749 78772
29890 48
52683521 29938
21591 1442
52713459 23033
194768 1553
196321 48
52736492 196369
102226 21867
52932861 124093
112289 31718
53056954 144007
6865 52457
53200961 59322
149861 24737
53260283 174598
9225 25311
53434881 34536
40473 52
53469417 40525
442 79340
53509942 79782
35149 133744
53589724 168893
7030 27
53758617 7057
101653 31280
53765674 132933
144007 3
144010 512
53898607 144522
77930 24576
54043129 102506
27690 355
54145635 28045
299890 148
300038 1871
54173680 301909
142 128
54475589 270
26619 116
54475859 26735
24210 45140
54502594 69350
76283 11
76294 128
54571944 76422
15184 310
15494 27
54648366 15521
20129 29190
54663887 49319
4614 98479
54713206 103093
14623 65536
54816299 80159
66899 131072
54896458 197971
105242 161345
55094429 266587
95260 11
95271 15
55361016 95286
91320 36818
55456302 128138
4907 116
5023 22
55584440 5045
148053 181798
55589485 329851
4633 35149
55919336 39782
35546 194
35740 86
55959118 35826
331883 11115
342998 22
55994944 343020
9381 27426
56337964 36807
102259 23285
56374771 125544
69645 33996
56500315 103641
3930 55933
56603956 59863
185 16
56663819 201
311782 30311
56664020 342093
245266 3016
248282 1024
57006113 249306
52227 119221
57255419 171448
168176 30264
57426867 198440
36914 24937
57625307 61851
14824 37908
57687158 52732
2347 32066
57739890 34413
3919 43
57774303 3962
165072 262468
57778265 427540
3919 32305
58205805 36224
45650 233688
58242029 279338
7207 174158
58521367 181365
67411 30731
58702732 98142
1201 55124
58800874 56325
80745 144
80889 1
58857199 80890
94013 111029
58938089 205042
2870 12364
59143131 15234
41317 214196
59158365 255513
77770 31439
59413878 109209
81710 34
59523087 81744
12327 51922
59604831 64249
20271 144
59669080 20415
32389 15
59689495 32404
30527 120698
59721899 151225
4633 52081
59873124 56714
29890 24737
59929838 54627
136868 40473
59984465 177341
624 73353
60161806 73977
3407 16114
60235783 19521
442 23611
60255304 24053
31171 10909
60279357 42080
34636 41
60321437 34677
8070 11
60356114 8081
19394 52
19446 71
60364195 19517
37935 143
60383712 38078
118252 42309
60421790 160561
1170 128712
60582351 129882
233137 399
233536 27
60712233 233563
12327 32344
60945796 44671
65572 48
60990467 65620
95286 61
95347 1152
61056087 96499
68112 49
61152586 68161
170925 1409
61220747 172334
60233 31351
61393081 91584
293 11194
61484665 11487
37804 33921
61496152 71725
70625 107872
61567877 178497
218 200
61746374 418
39700 39
61746792 39739
11739 1669
61786531 13408
4350 23285
61799939 27635
218 21332
61827574 21550
11 24576
61849124 24587
174 55817
61873711 55991
475 473
61929702 948
10730 31441
61930650 42171
4553 18976
61972821 23529
7711 49496
61996350 57207
68924 32236
62053557 101160
10730 119411
62154717 130141
103342 32768
62284858 136110
84534 27195
62420968 111729
52412 51970
62532697 104382
78772 2870
62637079 81642
20415 17762
62718721 38177
242068 2112
62756898 244180
24567 52818
63001078 77385
566917 105268
672185 15784
63078463 687969
23621 181
63766432 23802
80170 1063
63790234 81233
5364 83
63871467 5447
11441 768
63876914 12209
964 200916
63889123 201880
10349 52818
64091003 63167
45281 79
64154170 45360
12327 11441
64199530 23768
2299 448
64223298 2747
3393 23764
64226045 27157
926 2
64253202 928
3491 22851
64254130 26342
23285 47625
64280472 70910
427540 35977
463517 22542
64351382 486059
16114 12421
64837441 28535
11505 640
64865976 12145
4521 77124
64878121 81645
16384 256
16640 32
64959766 16672
133744 56
133800 1409
64976438 135209
77770 1871
65111647 79641
35331 4
65191288 35335
120698 10782
65226623 131480
22387 41319
65358103 63706
29449 81710
65421809 111159
29094 106671
65532968 135765
4907 28
65668733 4935
447 21588
65673668 22035
59863 115843
65695703 175706
49496 146
49642 64
65871409 49706
2388 4611
65921115 6999
31718 119221
65928114 150939
14824 10924
66079053 25748
14687 8
14695 1
66104801 14696
117308 28656
66119497 145964
646 61
66265461 707
13605 110773
66266168 124378
30423 74910
66390546 105333
56745 21867
66495879 78612
66574491 149588
76774 256
66724079 77030
76294 24576
66801109 100870
73467 161
73628 48
66901979 73676
89968 21867
66975655 111835
145964 1669
147633 6
67108864 147639
55540 473
67256503 56013
10730 156916
67312516 167646
4409 18976
67480162 23385
273548 285
273833 2347
67503547 276180
157550 30
67779727 157580
37908 47625
67937307 85533
37935 151801
68022840 189736
8070 30746
68212576 38816
39700 145690
68251392 185390
163424 165125
68436782 328549
18845 201610
68765331 220455
100530 66899
68985786 167429
171539 4102
69153215 175641
316922 49
316971 1095
69328856 318066
51181 1610
69646922 52791
220012 2112
69699713 222124
15641 21600
69921837 37241
54627 418
55045 4
69959078 55049
1427 1669
70014127 3096
33921 1
70017223 33922
69645 576
70051145 70221
167646 1792
70121366 169438
30527 18976
70290804 49503
37804 218
70340307 38022
25905 4553
70378329 30458
707 95010
70408787 95717
52355 7
52362 6
70504504 52368
86633 6865
70556872 93498
124093 7030
70650370 131123
69529 576
70781493 70105
102259 43551
70851598 145810
2388 83
2471 128
70997408 2599
240916 48
240964 1024
71000007 241988
14220 45
14265 48
71241995 14313
67484 560
71256308 68044
45012 281967
71324352 326979
18302 103
18405 218
71651331 18623
93498 7627
71669954 101125
10924 20
71771079 10944
103465 8
71782023 103473
71885496 11687
2870 154378
71897183 157248
71669954 398805
61786 65536
72068759 127322
77770 143
77913 15
72196081 77928
283300 51156
72274009 334456
34352 22459
72608465 56811
28045 29250
72665276 57295
11653 64311
72722571 75964
55124 52
72798535 55176
49496 110306
72853711 159802
248282 73345
73013513 321627
28045 185
28230 143
73335140 28373
71958 6895
73363513 78853
10240 33921
73442366 44161
17289 163476
73486527 180765
88446 104666
73667292 193112
4611 53769
73860404 58380
281967 11687
73918784 293654
24985 751
74212438 25736
66899 441
74238174 67340
26735 55731
74305514 82466
67411 12421
74387980 79832
98560 591
74467812 99151
86633 149440
74566963 236073
67411 4521
74803036 71932
343020 17101
74874968 360121
4302 11
75235089 4313
41265 4
75239402 41269
53098 591
75280671 53689
1317 14089
75334360 15406
35546 33973
75349766 69519
18976 640
75419285 19616
15928 94
75438901 16022
7057 79
7136 2
75454923 7138
61786 64
75462061 61850
24937 4102
75523911 29039
149861 35331
75552950 185192
82158 12327
75738142 94485
192385 48
192433 256
75832627 192689
37486 171655
76025316 209141
150939 29237
76234457 180176
72019 8540
76414633 80559
10715 262468
76495192 273183
22459 39
76768375 22498
375921 52
375973 128
76790873 376101
964 72833
77166974 73797
32062 33921
77240771 65983
147899 74726
77306754 222625
56714 1
77529379 56715
233060 2388
77586094 235448
4611 2048
77821542 6659
19047 560
77828201 19607
68214 34
68248 399
77847808 68647
71958 21611
77916455 93569
19618 719
78010024 20337
81886 181
78030361 82067
165835 751
78112428 166586
47636 55817
78279014 103453
248282 473
248755 64
78382467 248819
82918 1
78631286 82919
7711 68112
78714205 75823
45281 640
78790028 45921
105333 646
105979 49
78835949 106028
75964 32811
78941977 108775
52457 240916
79050752 293373
29242 14086
79344125 43328
90 22542
79387453 22632
5676 17244
79410085 22920
16084 200
79433005 16284
91320 83
91403 6
79449289 91409
7207 2388
79540698 9595
198440 1238
5 32
199678 37
79550293 199715
8141 6895
79750008 15036
105242 72145
79765044 177387
57295 5023
79942431 62318
89968 101589
80004749 191557
45861 54125
80196306 99986
44161 20
44181 399
80296292 44580
52844 473
80340872 53317
149462 48
80394189 149510
80340872 364171
111159 103342
80705043 214501
86471 169254
80919544 255725
14623 1201
81175269 15824
376769 399
377168 8
81191093 377176
96499 37486
81568269 133985
948 78772
81702254 79720
23529 987
81781974 24516
101160 117992
81806490 219152
15824 72113
82025642 87937
16114 61
16175 45
82113579 16220
163625 163476
82129799 327101
18623 48
18671 2
82456900 18673
80684 72833
82475573 153517
133800 81927
82629090 215727
1707 24086
82844817 25793
101653 53769
82870610 155422
12567 79
12646 71
83026032 12717
24409 893
83038749 25302
1321 24576
83064051 25897
22035 20129
83089948 42164
45650 293
83132112 45943
43028 1063
83178055 44091
32768 32
83222146 32800
129575 55
83254946 129630
66923 22542
83384576 89465
2347 93915
83474041 96262
259042 151328
83570303 410370
22982 47636
83980673 70618
524288 6999
531287 19163
84051291 550450
93915 16928
84601741 110843
69645 8849
84712584 78494
14265 53
84791078 14318
3366 4549
84805396 7915
115987 79636
84813311 195623
343020 2599
52 48
345619 100
85008934 345719
4907 33974
85354653 38881
8018 39
85393534 8057
54125 133120
85401591 187245
3407 33371
85588836 36778
2114 1299
85625614 3413
22798 37788
85629027 60586
29890 164811
85689613 194701
42535 893
85884314 43428
248282 55068
85927742 303350
7057 7207
86231092 14264
20337 200
86245356 20537
106028 150010
86265893 256038
486059 11653
497712 473
86521931 498185
15784 52412
87020116 68196
57774303 29422988
64567 4611
87197291 69178
5589 18976
87266469 24565
15521 751
87291034 16272
24565 285554
87307306 310119
7136 2347
87617425 9483
155130 5958
87626908 161088
4521 1299
87787996 5820
75823 61786
87793816 137609
498185 16672
79 71
514857 150
87931425 515007
98560 6895
88446432 105455
22932 1153
88551887 24085
44091 57429
88575972 101520
68 28656
88677492 28724
17244 111285
88706216 128529
3393 11115
88834745 14508
987 26619
88849253 27606
233563 15234
88876859 248797
15928 142
89125656 16070
12421 576
89141726 12997
26619 79069
89154723 105688
591 33921
89260411 34512
31171 49496
89294923 80667
6037 4302
89375590 10339
135615 93921
89385929 229536
5618 64311
89615465 69929
48924 751
89685394 49675
10349 51922
89735069 62271
11194 31671
89797340 42865
36778 53
89840205 36831
56714 110306
89877036 167020
334456 399
334855 1024
90044056 335879
194 42392
90379935 42586
5874 123880
90422521 129754
8070 61786
90552275 69856
14687 1317
90622131 16004
12327 203692
90638135 216019
112493 108638
90854154 221131
4553 33371
91075285 37924
91113209 987
296118 5
296123 816
91114196 296939
410370 5
410375 64
91411135 410439
30746 161
91821574 30907
31700 105242
91852481 136942
327101 23285
91989423 350386
110248 67883
92339809 178131
43202 77946
92517940 121148
1669 13605
92639088 15274
198362 233137
92654362 431499
292542 293
292835 39
93085861 292874
19616 442
93378735 20058
7030 2347
93398793 9377
3366 39
93408170 3405
29242 29890
93411575 59132
59398 11
93470707 59409
79579 4102
93530116 83681
431499 30746
462245 4
93613797 462249
35977 399
94076046 36376
68214 39436
94112422 107650
31290 87526
94220072 118816
2787 8242
94338888 11029
94349917 1409
22035 33921
94351326 55956
16973 64311
94407282 81284
142 21024
94488566 21166
12364 55068
94509732 67432
61786 2114
94577164 63900
192689 6144
94641064 198833
56889 218
94839897 57107
119853 90854
94897004 210707
69645 121269
95107711 190914
51156 59398
95298625 110554
55731 5958
95409179 61689
21024 8
21032 1
95470868 21033
32215 56
95491901 32271
50382 33974
95524172 84356
5364 92
95608528 5456
47002 43
47045 128
95613984 47173
169254 6895
95661157 176149
39782 15521
95837306 55303
52598 66838
95892609 119436
41265 52049
96012045 93314
25905 57
96105359 25962
43949 56889
96131321 100838
29237 31671
96232159 60908
40473 148
96293067 40621
486059 6593
492652 1
96333688 492653
13318 105242
96826341 118560
119479 5511
96944901 124990
10349 79540
97069891 89889
15583 19047
97159780 34630
16640 16
16656 1
97194410 16657
70761 169191
97211067 239952
3096 185
3281 39
97451019 3320
151805 45
151850 816
97454339 152666
1080 29890
97607005 30970
31718 8141
97637975 39859
3407 21867
97677834 25274
41714 111285
97703108 152999
11286 39
97856107 11325
5618 121269
97867432 126887
50946 73353
97994319 124299
34413 12089
98118618 46502
19047 31536
98165120 50583
55176 8849
98215703 64025
49642 91669
98279728 141311
29237 1152
98421039 30389
15406 126097
98451428 141503
80170 113780
98592931 193950
119479 16973
98786881 136452
39676 4614
98923333 44290
10715 5618
98967623 16333
33996 172982
98983956 206978
29933 50590
99190934 80523
28 115643
99271457 115671
94013 49496
99387128 143509
