2649
1 1
2 2
4 4
8 8
16 16
32 32
64 64
128 128
256 256
512 512
1024 1024
2048 2048
4096 4096
8192 8192
16384 16384
32768 32768
65536 65536
131072 131072
262144 262144
524288 524288
1048576 1048576
2097152 2097152
4194304 4194304
8388608 8388608
16777216 16777216
33554432 33554432
67108864 67108864
134217728 134217728
134217728 67108864
33554432 16777216
65536 4096
256 128
32 16
201326592 50331648
69632 384
48 1
251658240 70016
251728256 49
268435456 251728305
70016 32768
16384 2048
1024 384
64 49
102784 18432
1408 113
121216 1521
122737 2
520163761 122739
4096 512
256 64
16 2
4608 320
4928 18
520286500 4946
16384 512
64 32
2 1
16896 96
16992 3
520291446 16995
32768 4946
1408 96
8 4
37714 1504
12 2
39218 14
520308441 39232
131072 16995
1024 128
32 4
148067 1152
36 2
149219 38
520347673 149257
70016 8192
4946 512
256 48
78208 5458
304 2
83666 306
520496930 83972
39232 5458
64 4
44690 68
520580902 44758
8192 5458
1152 128
96 4
13650 1280
14930 100
520625660 15030
1280 32
1312 2
520640690 1314
5458 128
18 8
5586 26
5612 1
520642004 5613
44758 16384
96 128
61142 224
520647617 61366
18432 68
18500 1024
520708983 19524
149257 44758
4946 306
194015 5252
199267 3
520728507 199270
5613 384
38 3
5997 41
520927777 6038
70016 512
113 16
70528 129
520933815 70657
44758 8192
4946 256
32 2
52950 5202
58152 34
521004472 58186
32768 2048
512 129
49 8
34816 641
35457 57
521062658 35514
83972 5997
89969 5586
521098172 95555
19524 8192
1024 12
27716 1036
28752 3
521193727 28755
52950 2048
100 306
54998 406
521222482 55404
8192 4096
129 41
12288 170
12458 32
521277886 12490
28755 2048
1036 57
30803 1093
31896 38
521290376 31934
83972 1521
256 32
85493 288
85781 8
521322310 85789
16992 48
521408099 17040
34816 384
35200 4
521425139 35204
65536 2048
641 113
3 8
67584 754
68338 11
521460343 68349
12490 170
16 4
12660 20
521528692 12680
44758 6038
1152 12
50796 1164
51960 64
521541372 52024
95555 1521
320 2
97076 322
521593396 97398
58186 129
58315 36
521690794 58351
13650 38
13688 4
521749145 13692
39232 4096
304 8
43328 312
521762837 43640
8192 2048
170 8
10240 178
10418 1
521806477 10419
35514 641
36155 38
521816896 36193
69632 14
69646 256
521853089 69902
78208 1521
312 170
79729 482
521922991 80211
43640 754
44394 34
522003202 44428
14930 14
14944 32
522047630 14976
19524 754
11 224
20278 235
522062606 20513
39232 48
39280 8
522083119 39288
20513 754
21267 18
522122407 21285
89969 4096
482 3
94065 485
94550 2
522143692 94552
39288 2048
485 1314
41336 1799
522238244 43135
70657 2048
754 178
72705 932
73637 36
522281379 73673
65536 932
66468 32
522355052 66500
78208 1164
36 18
79372 54
522421552 79426
12680 754
96 8
13434 104
522500978 13538
149257 39288
1521 170
188545 1691
190236 36
522514516 190272
55404 2048
482 49
57452 531
522704788 57983
52024 14930
522762771 66954
1504 11
1515 2
522829725 1517
89969 18
522831242 89987
85789 2048
224 1521
87837 1745
522921229 89582
4096 100
4196 113
523010811 4309
262144 122739
5613 11
384883 5624
390507 320
523015120 390827
102784 6038
2048 34
108822 2082
110904 3
523405947 110907
108822 1799
11 36
110621 47
523516854 110668
97398 4309
48 2
101707 50
523627522 101757
31934 754
48 4
32688 52
523729279 32740
4946 104
5050 96
523762019 5146
20513 235
20748 20
523767165 20768
97398 320
97718 48
523787933 97766
6038 754
11 14
6792 25
523885699 6817
131072 10419
1093 320
141491 1413
523892516 142904
148067 288
148355 14
524035420 148369
61142 16
61158 8
524183789 61166
17040 306
17346 512
524244955 17858
61366 322
61688 3
524262813 61691
2082 482
2564 1504
524324504 4068
39288 485
39773 32
524328572 39805
83972 754
52 104
84726 156
524368377 84882
122739 1799
12 113
124538 125
524453259 124663
110907 8192
49 2
119099 51
524577922 119150
119150 1517
120667 96
524697072 120763
102784 1799
104583 1521
524817835 106104
524923939 932
89987 754
36 49
90741 85
524924871 90826
19524 406
19930 41
525015697 19971
73673 1521
14 96
75194 110
525035668 75304
12490 83972
525110972 96462
531 41
572 2
525207434 574
110907 4608
12 18
115515 30
525208008 115545
8192 406
8598 224
525323553 8822
73673 932
8 2
74605 10
525332375 74615
44758 2564
1093 38
47322 1131
48453 4
525406990 48457
95555 754
96309 32
525455447 96341
131072 2564
41 36
133636 77
525551788 133713
19930 1408
525685501 21338
8192 14
8206 320
525706839 8526
8822 1152
9974 16
525715365 9990
52950 754
11 2
53704 13
525725355 53717
21338 641
525779072 21979
10419 170
10589 128
525801051 10717
57452 224
57676 49
525811768 57725
27716 104
27820 96
525869493 27916
61691 100
61791 113
525897409 61904
79729 68
525959313 79797
21285 16995
526039110 38280
48457 41
48498 320
526077390 48818
1515 12
526126208 1527
119150 1164
57 12
120314 69
526127735 120383
87837 485
88322 113
526248118 88435
50796 754
38 128
51550 166
526336553 51716
41336 224
526388269 41560
124663 1036
125699 68
526429829 125767
1024 3
1027 2
526555596 1029
36193 34
36227 1152
526556625 37379
32768 531
33299 312
526594004 33611
89987 531
90518 32
526627615 90550
39288 57
39345 96
526718165 39441
39773 12490
526757606 52263
2082 178
2260 34
526809869 2294
31934 574
11 16
32508 27
526812163 32535
88435 69
88504 406
526844698 88910
125767 2564
26 512
128331 538
526933608 128869
156 4608
527062477 4764
6038 129
6167 36
527067241 6203
133713 1314
135027 128
527073444 135155
20278 18
20296 128
527208599 20424
39773 5252
527229023 45025
70657 27
70684 1280
527274048 71964
89987 32
527346012 90019
90741 12490
527436031 103231
47322 932
41 14
48254 55
527539262 48309
141491 110
141601 1036
527587571 142637
2564 1036
3600 113
527730208 3713
48818 104
48922 1521
527733921 50443
75304 2294
129 4
77598 133
527784364 77731
75304 1799
77103 2
527862095 77105
48922 125
49047 531
527939200 49578
41560 574
42134 125
527988778 42259
149257 38280
754 3
187537 757
528031037 188294
149257 2564
36 128
151821 164
528219331 151985
5252 38
5290 113
528371316 5403
19524 235
19759 68
528376719 19827
135155 2564
572 128
137719 700
528396546 138419
52263 18
528534965 52281
50796 178
50974 288
528587246 51262
19524 48
528638508 19572
151985 21979
3713 170
173964 3883
177847 12
528658080 177859
43640 85
43725 178
528835939 43903
61904 1093
62997 12
528879842 63009
528879842 70016
63009 2260
65269 18
528949858 65287
97766 2564
406 96
100330 502
529015145 100832
18500 54
18554 235
529115977 18789
178 20
529134766 198
178 13692
529134964 13870
151985 5252
157237 5613
529148834 162850
33611 1164
8 1
34775 9
529311684 34784
5290 41
5331 32
529346468 5363
30803 754
31557 100
529351831 31657
37714 12
37726 96
529383488 37822
166 61688
529421310 61854
36227 156
529483164 36383
2082 12490
529519547 14572
4608 48
529534119 4656
20768 129
20897 320
529538775 21217
10717 47
10764 1036
529559992 11800
33611 34
33645 129
529571792 33774
80211 1036
529605566 81247
67584 406
67990 306
529686813 68296
55404 1312
56716 3
529755109 56719
3600 4764
529811828 8364
199270 54998
68 304
254268 372
529820192 254640
119150 406
119556 384
530074832 119940
42259 17858
530194772 60117
65269 5290
530254889 70559
26 65536
530325448 65562
18554 54
530391010 18608
77 13688
530409618 13765
110907 1029
111936 38
530423383 111974
164 4946
530535357 5110
49578 75304
530540467 124882
304 16995
530665349 17299
120763 83972
530682648 204735
85789 77
85866 224
530887383 86090
204735 28755
572 34
233490 606
530973473 234096
48309 10419
531207569 58728
88910 41336
531266297 130246
77 1152
531396543 1229
88910 406
89316 129
531397772 89445
33299 129
33428 36
531487217 33464
21979 322
531520681 22301
51716 28755
531542982 80471
13650 12
531623453 13662
63009 757
63766 20
531637115 63786
111974 372
112346 406
531700901 112752
53717 390507
531813653 444224
42259 3
42262 16
532257877 42278
20296 1164
532300155 21460
51 84882
532321615 84933
38280 757
129 18
39037 147
532406548 39184
22301 3713
26014 8
532445732 26022
235 482
532471754 717
83972 178
84150 11
532472471 84161
61854 19930
532556632 81784
63009 485
63494 129
532638416 63623
57983 100
58083 38
532702039 58121
58728 572
59300 256
532760160 59556
32768 41
32809 320
532819716 33129
12458 4
12462 2
532852845 12464
157237 4309
12 16
161546 28
532865309 161574
10764 51
10815 156
533026883 10971
49578 110
49688 512
533037854 50200
502 16995
533088054 17497
2082 26
2108 100
533105551 2208
51716 5997
533107759 57713
6792 1799
533165472 8591
36383 18
36401 512
533174063 36913
84726 13434
533210976 98160
22301 1027
23328 1515
533309136 24843
137719 1515
533333979 139234
16896 64
16960 16
533473213 16976
30 50796
533490189 50826
39805 70657
533541015 110462
120383 32688
533651477 153071
15030 932
15962 170
533804548 16132
61166 36
61202 113
533820680 61315
18500 14
533881995 18514
77105 57
77162 384
533900509 77546
45025 113
45138 2048
533978055 47186
44428 36
44464 113
534025241 44577
65269 13434
534069818 78703
78208 128
78336 8
534148521 78344
125767 1799
26 113
127566 139
534226865 127705
77598 224
534354570 77822
57983 18
58001 4
534432392 58005
4309 68
4377 128
534490397 4505
124538 1312
534494902 125850
45138 312
45450 68
534620752 45518
110 641
534666270 751
234096 6203
110 320
240299 430
534667021 240729
63786 700
64486 572
534907750 65058
41336 70528
534972808 111864
43903 224
44127 38
535084672 44165
164 87837
535128837 88001
39441 39288
535216838 78729
4196 79372
535295567 83568
139234 2108
141342 147
535379135 141489
79797 32740
535520624 112537
122739 1408
124147 256
535633161 124403
96462 69902
535757564 166364
16132 235
16367 12
535923928 16379
4377 4096
535940307 8473
262144 18789
280933 28755
535948780 309688
16367 32
536258468 16399
33129 4
33133 2
536274867 33135
166364 2564
170 4
168928 174
536308002 169102
53717 932
54649 26
536477104 54675
162850 11
162861 113
536531779 162974
4377 89582
536694753 93959
9 6167
536788712 6176
16976 69646
536794888 86622
39805 1093
40898 18
536881510 40916
240729 13
240742 235
536922426 240977
240977 2564
50 129
243541 179
537163403 243720
149257 1229
150486 50
537407123 150536
17497 235
17732 100
537557659 17832
15030 572
15602 64
537575491 15666
13650 1024
537591157 14674
75194 41
75235 68
537605831 75303
309688 31657
224 12
341345 236
537681134 341581
72705 306
73011 4
538022715 73015
37726 32535
538095730 70261
78703 2
538165991 78705
27916 12
27928 32
538244696 27960
757 55
538272656 812
112752 932
113684 1312
538273468 114996
8364 52263
538388464 60627
8822 757
9579 3
538449091 9582
19572 26
19598 64
538458673 19662
142904 147
143051 754
538478335 143805
1515 28755
538622140 30270
23328 26
23354 100
538652410 23454
119940 170
120110 48
538675864 120158
27 33299
538796022 33326
57713 43903
538829348 101616
1164 4608
538930964 5772
23454 1314
538936736 24768
10419 41
10460 2
538961504 10462
104583 12
104595 32
538971966 104627
44165 58351
539076593 102516
5458 3
5461 4
539179109 5465
14572 18
539184574 14590
574 12660
539199164 13234
8822 179
9001 502
539212398 9503
204735 9001
406 68
213736 474
539221901 214210
2564 30
2594 932
539436111 3526
84882 16992
539439637 101874
77598 485
539541511 78083
51262 133
51395 68
539619594 51463
115545 1131
116676 1164
539671057 117840
15962 18
15980 64
539788897 16044
38280 178
38458 11
539804941 38469
9990 43135
539843410 53125
19524 61142
539896535 80666
13870 320
14190 8
539977201 14198
8591 14572
539991399 23163
21338 1515
540014562 22853
53717 52024
540037415 105741
143805 2294
146099 384
540143156 146483
13434 49
13483 32
540289639 13515
188545 751
189296 256
540303154 189552
8822 13650
540492706 22472
55404 312
55716 641
540515178 56357
8473 1093
540571535 9566
33299 5252
540581101 38551
4656 68
4724 38
540619652 4762
13483 62997
540624414 76480
26022 48
540700894 26070
146483 51
146534 1280
540726964 147814
15980 1036
540874778 17016
21338 13434
540891794 34772
5997 121216
540926566 127213
37726 12680
541053779 50406
234096 61854
541104185 295950
26070 1504
27574 64
541400135 27638
81247 61142
541427773 142389
173964 178
174142 32
541570162 174174
39805 312
40117 754
541744336 40871
254640 5331
259971 198
541785207 260169
32740 512
542045376 33252
26070 406
542078628 26476
33774 47
33821 482
542105104 34303
149257 170
149427 36
542139407 149463
38458 1164
542288870 39622
26476 49
26525 16
542328492 26541
33611 52950
542355033 86561
444224 51716
495940 21338
542441594 517278
139234 3
139237 18
542958872 139255
104627 48818
543098127 153445
16367 79729
543251572 96096
34816 57
34873 96
543347668 34969
38458 44464
543382637 82922
240977 312
241289 320
543465559 241609
133713 125
133838 304
543707168 134142
6817 125
6942 304
543841310 7246
26070 135027
543848556 161097
72705 3
72708 96
544009653 72804
19930 108822
544082457 128752
157237 1280
158517 16
544211209 158533
130246 235
130481 26
544369742 130507
5050 16995
544500249 22045
717 70657
544522294 71374
34303 1312
544593668 35615
28755 1036
29791 68
544629283 29859
26070 14572
544659142 40642
16132 64
16196 16
544699784 16212
75194 34816
544715996 110010
86090 235
86325 178
544826006 86503
42259 52
544912509 42311
32740 5458
544954820 38198
42311 306
42617 256
544993018 42873
194015 5146
3 4
199161 7
545035891 199168
78083 8473
545235059 86556
27960 8192
545321615 36152
5331 90826
545357767 96157
104627 606
105233 384
545453924 105617
295950 8526
304476 85
545559541 304561
42873 36
42909 3
545864102 42912
700 70528
545907014 71228
236 4068
545978242 4304
243720 2594
51 641
246314 692
545982546 247006
14976 69902
546229552 84878
32535 128
32663 2
546314430 32665
54998 16995
546347095 71993
146099 13650
546419088 159749
70684 12
70696 128
546578837 70824
6167 96
546649661 6263
143805 12464
546655924 156269
26541 932
27473 34
546812193 27507
158533 572
159105 3
546839700 159108
157237 26
157263 68
546998808 157331
28755 502
29257 178
547156139 29435
190272 1024
191296 4
547185574 191300
204735 68
204803 4928
547376874 209731
177859 4505
20 68
182364 88
547586605 182452
30 51960
547769057 51990
4724 139
547821047 4863
58351 16896
547825910 75247
390827 45518
932 49
436345 981
547901157 437326
13765 51716
548338483 65481
124663 13650
548403964 138313
10971 482
11453 178
548542277 11631
43135 15030
548553908 58165
214210 10589
224799 100
548612073 224899
23163 57
548836972 23220
5363 5202
548860192 10565
390827 7246
3 256
398073 259
548870757 398332
56719 19572
549269089 76291
5110 5586
549345380 10696
57725 58315
549356076 116040
5146 49
549472116 5195
32809 111974
549477311 144783
34873 54
34927 38
549622094 34965
259 14590
549657059 14849
13662 1027
549671908 14689
549622094 78208
77103 67584
549700302 144687
45450 77822
549844989 123272
40916 406
41322 2
549968261 41324
341581 22472
364053 5586
550009585 369639
70528 113
550379224 70641
182452 2594
129 36
185046 165
550449865 185211
262144 10971
273115 5612
550635076 278727
5403 2564
550913803 7967
9001 5465
550921770 14466
33135 79426
550936236 112561
551048797 17732
14590 75303
551066529 89893
33299 9974
551156422 43273
243720 129
243849 26
551199695 243875
9582 812
551443570 10394
50200 3883
551453964 54083
39345 54
551508047 39399
34775 48818
551547446 83593
3600 235
551631039 3835
2594 757
3351 104
551634874 3455
130246 66954
551638329 197200
5772 5290
551835529 11062
134142 12462
551846591 146604
90826 2594
384 32
93420 416
551993195 93836
5195 61904
552087031 67099
398332 14689
413021 9579
552154130 422600
38551 57
38608 36
552576730 38644
39622 13
552615374 39635
1093 83666
552655009 84759
149427 139
552739768 149566
31557 5331
552889334 36888
71374 224
71598 26
552926222 71624
76291 60117
552997846 136408
39288 1280
553134254 40568
10696 512
553174822 11208
5290 33611
553186030 38901
9566 83568
553224931 93134
26070 8526
553318065 34596
27 13650
553352661 13677
12462 49578
553366338 62040
106104 25
106129 1314
553428378 107443
26070 57
26127 224
553535821 26351
54083 40642
553562172 94725
24843 5252
553656897 30095
204803 41
204844 224
553686992 205068
309688 5050
314738 20513
553892060 335251
63786 166
63952 306
554227311 64258
36401 39037
554291569 75438
16044 10717
554367007 26761
50200 55
554393768 50255
71993 4
554444023 71997
3455 43725
554516020 47180
554516020 85493
39345 35200
554601513 74545
39805 6792
554676058 46597
84759 4068
554722655 88827
1691 16992
554811482 18683
113684 100
554830165 113784
148369 77
148446 754
554943949 149200
17832 572
555093149 18404
120383 25
120408 178
555111553 120586
54 36193
555232139 36247
48498 5613
555268386 54111
62040 73637
555322497 135677
59300 13650
555458174 72950
174174 2594
235 178
176768 413
555531124 177181
369639 10589
18 64
380228 82
555708305 380310
107443 572
108015 51
556088615 108066
3351 41
3392 38
556196681 3430
53125 170
53295 320
556200111 53615
4304 31557
556253726 35861
27960 141489
556289587 169449
556459036 149219
34927 47
556608255 34974
44758 512
556643229 45270
93420 13662
556688499 107082
6176 312
556795581 6488
90550 89969
556802069 180519
5461 65562
556982588 71023
10462 150536
557053611 160998
243875 932
244807 64
557214609 244871
5110 35204
557459480 40314
35514 384
557499794 35898
4377 37822
557535692 42199
75194 312
557577891 75506
197200 932
198132 14
557653397 198146
4096 41
4137 48
557851543 4185
35200 5997
557855728 41197
234096 482
234578 4096
557896925 238674
102516 100
102616 18
558135599 102634
39635 14849
558238233 54484
41560 70657
558292717 112217
18608 48922
558404934 67530
262144 312
262456 256
558472464 262712
51395 14944
558735176 66339
495940 20
495960 4608
558801515 500568
26525 9579
559302083 36104
199270 4377
203647 47
559338187 203694
70684 73637
559541881 144321
68296 256
559686202 68552
55 61791
559754754 61846
108066 700
108766 27
559816600 108793
37714 16384
559925393 54098
390827 3600
394427 1799
559979491 396226
78083 148067
560375717 226150
73015 304
73319 36
560601867 73355
26070 812
560675222 26882
65269 103231
560702104 168500
21979 83972
560870604 105951
32535 1131
560976555 33666
8598 26
8624 32
561010221 8656
65058 33645
561018877 98703
144783 27820
561117580 172603
50255 1029
561290183 51284
56357 128
56485 64
561341467 56549
524288 47180
571468 42134
561398016 613602
49047 13538
562011618 62585
37822 41
37863 256
562074203 38119
38280 108822
562112322 147102
133838 40916
562259424 174754
74615 125
562434178 74740
214210 236
214446 757
562508918 215203
341581 20
341601 16992
562724121 358593
52281 18432
563082714 70713
110907 1280
563153427 112187
41560 49
563265614 41609
76291 48818
563307223 125109
36104 33464
563432332 69568
120110 2564
563501900 122674
19971 190236
563624574 210207
314738 8598
323336 4068
563834781 327404
70559 3883
564162185 74442
16399 61854
564236627 78253
144783 572
145355 57
564314880 145412
119099 14944
564460292 134043
18683 23354
564594335 42037
157331 73015
564636372 230346
139 9990
564866718 10129
190236 512
564876847 190748
430 12660
565067595 13090
15666 94065
565080685 109731
38644 12
38656 96
565190416 38752
76480 11
565229168 76491
13515 137719
565305659 151234
120314 108822
565456893 229136
16399 36193
565686029 52592
20424 14976
565738621 35400
133636 115545
565774021 249181
613602 42912
656514 67990
566023202 724504
24843 288
25131 113
566747706 25244
161574 48498
566772950 210072
3526 110904
566983022 114430
6176 531
567097452 6707
572 12458
567104159 13030
185046 2108
567117189 187154
28 20296
567304343 20324
280933 48
280981 2048
567324667 283029
96157 57725
567607696 153882
56357 4656
567761578 61013
116040 10764
567822591 126804
90550 10
567949395 90560
205068 2594
322 306
207662 628
568039955 208290
151985 320
152305 48
568248245 152353
45518 104
45622 129
568400598 45751
568446349 149219
3430 606
568595568 4036
812 6176
568599604 6988
444224 5331
449555 5624
568606592 455179
4656 133636
569061771 138292
35514 3
569200063 35517
58728 51
58779 156
569235580 58935
234578 21285
569294515 255863
1521 16
569550378 1537
63766 21338
569551915 85104
213736 30270
569637019 244006
20424 6038
569881025 26462
500568 9001
509569 9
569907487 509578
66500 32
66532 8
570417065 66540
372 71964
570483605 72336
26476 16960
570555941 43436
191300 1413
192713 48
570599377 192761
11453 39805
570792138 51258
323336 2594
322 406
325930 728
570843396 326658
71374 72708
571170054 144082
34772 77
571314136 34849
125850 2082
571348985 127932
86090 25
571476917 86115
157331 70696
571563032 228027
8364 74605
571791059 82969
22301 69
571874028 22370
13434 85493
571896398 98927
19598 85789
571995325 105387
152353 27574
572100712 179927
111864 39773
572280639 151637
13765 21285
572432276 35050
1515 1152
572467326 2667
29435 36
29471 113
572469993 29584
455179 17497
472676 16896
572499577 489572
44758 1504
572989149 46262
255863 751
256614 156
573035411 256770
10971 18789
573292181 29760
105741 27916
573321941 133657
74740 112561
573455598 187301
112537 5586
573642899 118123
48453 18432
573761022 66885
1027 5252
573827907 6279
131072 57
131129 128
573834186 131257
244006 12
244018 32
573965443 244050
9 19930
574209493 19939
215203 6707
221910 306
574229432 222216
13030 9503
574451648 22533
23454 69
574474181 23523
68552 235
68787 68
574497704 68855
5624 5612
574566559 11236
39037 69902
574577795 108939
185211 38
185249 512
574686734 185761
205068 36
205104 1024
574872495 206128
39399 110010
575078623 149409
9974 36155
575228032 46129
335251 4764
340015 129
575274161 340144
283029 9974
293003 178
575614305 293181
150536 48818
575907486 199354
372 15030
576106840 15402
54111 89582
576122242 143693
1799 178
576265935 1977
44577 1413
576267912 45990
205068 56357
576313902 261425
45751 68
45819 128
576575327 45947
144783 538
576621274 145321
45450 130246
576766595 175696
117840 36
576942291 117876
56716 512
577060167 57228
64486 4
577117395 64490
214446 304
214750 3
577181885 214753
485 31934
577396638 32419
199354 751
200105 1093
577429057 201198
12288 16
577630255 12304
177859 12
177871 96
577642559 177967
262712 2208
264920 572
577820526 265492
73015 63766
578086018 136781
150536 538
578222799 151074
75303 69646
578373873 144949
4505 33299
578518822 37804
78208 1152
578556626 79360
78083 35514
578635986 113597
94065 256
578749583 94321
571468 20897
592365 306
578843904 592671
6176 18500
579436575 24676
189552 12
579461251 189564
48254 16384
579650815 64638
78705 4377
579715453 83082
1527 1515
579798535 3042
169449 1521
579801577 170970
47186 64
579972547 47250
309688 51
309739 4946
580019797 314685
71023 72950
580334482 143973
64638 74545
580478455 139183
341601 8526
350127 48
580617638 350175
240977 71964
580967813 312941
83593 168928
581280754 252521
4304 44758
581533275 49062
172603 606
173209 322
581582337 173531
17299 641
581755868 17940
1229 187537
581773808 188766
500568 8822
509390 178
581962574 509568
312941 104
313045 406
582472142 313451
5624 55404
582785593 61028
96096 23454
582846621 119550
11453 5363
582966171 16816
413021 3883
3 16
416904 19
582982987 416923
117876 141491
583399910 259367
20324 932
583659277 21256
134142 757
134899 100
583680533 134999
455179 13234
468413 932
583815532 469345
46129 60117
584284877 106246
495960 474
584391123 496434
83593 14
83607 48
584887557 83655
6988 16
584971212 7004
134043 2082
584978216 136125
10696 36193
585114341 46889
46597 20278
585161230 66875
455179 1131
456310 50
585228105 456360
444224 2594
446818 9
585684465 446827
31896 3
31899 32
586131292 31931
68338 406
586163223 68744
455179 102634
586231967 557813
369639 5146
374785 50
586789780 374835
139237 47322
587164615 186559
182364 27473
587351174 209837
10418 67584
587561011 78002
48498 129
48627 128
587639013 48755
96341 142904
587687768 239245
226150 1691
227841 12
587927013 227853
145412 144687
588154866 290099
187537 39773
588444965 227310
613602 8656
622258 14930
588672275 637188
108793 95555
589309463 204348
592671 13870
64 8
606541 72
589513811 606613
44577 128331
590120424 172908
33464 133636
590293332 167100
166 36193
590460432 36359
327404 7004
14 128
334408 142
590496791 334550
472676 11800
170 48
484476 218
590831341 484694
136125 106104
591316035 242229
430 8591
591558264 9021
18789 58315
591567285 77104
29791 40117
591644389 69908
84878 20278
591714297 105156
55716 51
55767 322
591819453 56089
64258 16995
591875542 81253
290099 1027
291126 52
591956795 291178
66339 144687
592247973 211026
200105 222216
592458999 422321
656514 33129
689643 50
592881320 689693
104595 44127
593571013 148722
124403 12462
593719735 136865
58728 8364
593856600 67092
25244 100
25344 3
593923692 25347
517278 5403
522681 14
593949039 522695
9582 1799
594471734 11381
1093 4928
594483115 6021
574 52950
594489136 53524
110668 68
594542660 110736
215203 22853
594653396 238056
45138 38280
594891452 83418
932 32
594974870 964
78083 190236
594975834 268319
131257 1093
132350 170
595244153 132520
10129 108822
595376673 118951
80471 66500
595495624 146971
45518 41336
595642595 86854
199168 138419
595729449 337587
9974 96309
596067036 106283
51550 68
596173319 51618
398332 9974
408306 77
596224937 408383
249181 1745
250926 1314
596633320 252240
40898 31934
596885560 72832
116040 2048
596958392 118088
84150 700
597076480 84850
54 235
597161330 289
16379 27
597161619 16406
128 32
597178025 160
350175 2667
352842 372
597178185 353214
47250 121216
597531399 168466
74740 101757
597699865 176497
557813 11208
569021 1027
597876362 570048
259971 13434
598446410 273405
3883 8192
598719815 12075
7967 41
8008 48
598731890 8056
724504 27820
752324 28755
598739946 781079
358593 113
358706 256
599521025 358962
26541 14944
599879987 41485
45518 166
599921472 45684
12464 87837
599967156 100301
168928 4309
600067457 173237
1048576 21285
1069861 129
600240694 1069990
139183 78208
601310684 217391
41197 110
601528075 41307
489572 54
489626 1093
601569382 490719
39441 20513
602060101 59954
51 156
602120055 207
151074 68552
602120262 219626
524288 15602
539890 4309
602339888 544199
524288 10240
534528 1
602884087 534529
36888 444224
603418616 481112
173964 52
603899728 174016
61158 39280
604073744 100438
7246 312
7558 100
604174182 7658
222216 1131
223347 20
604181840 223367
207 11381
604405207 11588
36383 36
604416795 36419
781079 26462
807541 83666
604453214 891207
41485 364053
605344421 405538
85866 156
605749959 86022
47 66954
605835981 67001
6038 65536
605902982 71574
14689 692
605974556 15381
61315 18608
605989937 79923
43328 34816
606069860 78144
323336 1977
325313 100
606148004 325413
1069990 83568
1153558 77822
606473417 1231380
249181 44127
607704797 293308
94065 5613
607998105 99678
18789 32535
608097783 51324
380310 812
381122 104
608149107 381226
77103 52024
608530333 129127
309739 10815
608659460 320554
215203 240299
608980014 455502
72336 178
609435516 72514
88435 5624
609508030 94059
444224 728
444952 574
609602089 445526
7558 16384
610047615 23942
2667 1036
610071557 3703
114430 60117
610075260 174547
571468 7658
20 170
579126 190
610249807 579316
211026 63623
610829123 274649
18554 502
611103772 19056
77105 101707
611122828 178812
229136 77598
611301640 306734
891207 77
891284 84882
611608374 976166
26882 235
27117 170
612584540 27287
94552 12660
612611827 107212
201198 72
201270 2108
612719039 203378
90826 10418
612922417 101244
341601 6167
347768 57
613023661 347825
139237 36383
613371486 175620
17040 38
17078 4
613547106 17082
20768 21267
613564188 42035
78336 78208
613606223 156544
724504 19056
85 256
743560 341
613762767 743901
19827 148067
614506668 167894
14190 61904
614674562 76094
456360 55
456415 4096
614750656 460511
416 11800
615211167 12216
112217 5458
615223383 117675
106283 341345
615341058 447628
51463 1229
615788686 52692
65269 65536
615841378 130805
107082 16995
615972183 124077
4309 1164
616096260 5473
571468 700
572168 49
616101733 572217
24768 133
616673950 24901
177847 524288
616698851 702135
27 61158
617400986 61185
622258 812
623070 13662
617462171 636732
2294 110621
618098903 112915
23220 8526
618211818 31746
656514 29584
686098 13
618243564 686111
89893 65058
618929675 154951
240299 149257
619084626 389556
72336 68296
619474182 140632
97718 1408
619614814 99126
139255 84161
619713940 223416
223347 572
619937356 223919
10971 47322
620161275 58293
295950 52
296002 1093
620219568 297095
112561 124538
620516663 237099
460511 1093
461604 16
620753762 461620
637188 11800
648988 322
621215382 649310
38551 48453
621864692 87004
83418 29435
621951696 112853
83082 77162
622064549 160244
656514 1745
658259 36
622224793 658295
8526 1408
622883088 9934
55716 1413
622893022 57129
105156 812
622950151 105968
108066 384883
623056119 492949
283029 606
283635 4928
623549068 288563
41197 74545
623837631 115742
21217 177847
623953373 199064
61688 102784
624152437 164472
66875 384883
624316909 451758
295950 63623
624768667 359573
304561 56719
625128240 361280
891284 9503
900787 65269
625489520 966056
75438 234096
626455576 309534
1069990 58083
1128073 16896
626765110 1144969
33252 33129
627910079 66381
227853 170970
627976460 398823
247006 51
628375283 247057
522695 38
522733 49
628622340 522782
45751 16995
629145122 62746
637188 160
637348 8591
629207868 645939
447628 1314
448942 64
629853807 449006
62585 981
630302813 63566
752324 22472
774796 3713
630366379 778509
8656 1517
631144888 10173
144687 1131
631155061 145818
1231380 35457
1266837 1312
631300879 1268149
781079 8473
789552 10971
632569028 800523
422600 5772
428372 641
633369551 429013
544199 13538
557737 16
633798564 557753
78144 398073
634356317 476217
743901 1517
745418 64
634832534 745482
613602 4137
38 4
617739 42
635578016 617781
700 33299
636195797 33999
724504 20768
636229796 745272
557813 3835
26 3
561648 29
636975068 561677
33645 125767
637536745 159412
408383 1517
409900 384
637696157 410284
207662 79797
638106441 287459
169449 34775
638393900 204224
5146 28752
638598124 33898
320554 32535
638632022 353089
5465 5997
638985111 11462
93420 146604
638996573 240024
358706 73011
639236597 431717
150536 15030
639668314 165566
78344 32768
639833880 111112
161574 54
161628 1024
639944992 162652
1069990 20513
1090503 4096
640107644 1094599
24843 39773
641202243 64616
592671 203647
641266859 796318
1268149 807541
164 5997
2075690 6161
642063177 2081851
789552 6279
795831 320
644145028 796151
649310 54
649364 1093
644941179 650457
702135 4724
706859 5290
645591636 712149
413021 606
413627 27
646303785 413654
1268149 724504
5050 52
1992653 5102
646717439 1997755
752324 10129
762453 5465
648715194 767918
73319 48453
649483112 121772
706859 306
707165 1521
649604884 708686
1268149 26127
18 49
1294276 67
650313570 1294343
274649 606
651607913 275255
900787 50826
951613 574
651883168 952187
446827 9990
652835355 456817
93134 14466
653292172 107600
390507 16995
653399772 407502
369639 26525
653807274 396164
30 85781
654203438 85811
658295 13765
672060 3713
654289249 675773
139183 82969
654965022 222152
334550 26
334576 320
655187174 334896
1094599 21217
1115816 10589
655522070 1126405
1294343 291178
1585521 127213
656648475 1712734
108939 58186
658361209 167125
1048576 16367
1064943 2564
658528334 1067507
1712734 72514
1785248 35200
659595841 1820448
16406 33133
661416289 49539
1048576 11800
1060376 1799
661465828 1062175
297095 6279
303374 82
662528003 303456
84161 119150
662831459 203311
1294343 151985
1446328 16384
663034770 1462712
675773 9582
685355 538
664497482 685893
10764 1413
665183375 12177
743901 174754
665195552 918655
544199 3835
548034 306
666114207 548340
25344 3713
666662547 29057
120586 36152
666691604 156738
807541 174
807715 43135
666848342 850850
579316 3835
583151 8
667699192 583159
177871 120314
668282351 298185
1712734 26541
1739275 14930
668580536 1754205
1585521 63009
1648530 104
670334741 1648634
244050 54649
671983375 298699
1820448 36913
1857361 531
672282074 1857892
34303 57983
674139966 92286
364053 1799
48 128
365852 176
674232252 366028
326658 85866
674598280 412524
1446328 751
1447079 1515
675010804 1448594
57452 43640
676459398 101092
571468 10419
676560490 581887
447628 304
677142377 447932
672060 306
677590309 672366
900787 16044
916831 26
678262675 916857
312941 16212
679179532 329153
55716 13650
679508685 69366
891284 6988
898272 2294
679578051 900566
976166 39805
41 68
1015971 109
680478617 1016080
1691 262144
681494697 263835
706859 54111
681758532 760970
75235 13692
682519502 88927
353214 3703
356917 68
682608429 356985
774796 235
775031 2
682965414 775033
712149 4656
716805 55
683740447 716860
1294343 50974
1345317 5997
684457307 1351314
745482 1280
746762 1504
685808621 748266
2097152 326658
2423810 83972
686556887 2507782
178812 405538
689064669 584350
13765 20278
689649019 34043
4194304 288563
4482867 81784
689683062 4564651
4194304 33133
4227437 4656
694247713 4232093
2507782 898272
3406054 6203
698479806 3412257
4482867 3713
4486580 67584
701892063 4554164
1462712 45138
1507850 384
706446227 1508234
1648634 15666
96 113
1664300 209
707954461 1664509
1508234 5403
1513637 32768
709618970 1546405
1351314 2260
1353574 1517
711165375 1355091
97718 235
712520466 97953
223919 162861
712618419 386780
1585521 34969
1620490 5363
713005199 1625853
2507782 748266
178 1093
3256048 1271
714631052 3257319
198146 18554
717888371 216700
273405 572
273977 531
718105071 274508
1997755 14466
68 3
2012221 71
718379579 2012292
1857892 66500
1924392 43135
720391871 1967527
4232093 105617
4337710 30803
722359398 4368513
807715 34775
842490 129
726727911 842619
2097152 13234
2110386 13434
727570530 2123820
8388608 309688
8698296 51960
729694350 8750256
71228 34772
738444606 106000
4482867 88827
738550606 4571694
177181 113
177294 2
743122300 177296
116676 757
743299596 117433
16777216 1064943
2048 8
17842159 2056
743417029 17844215
8750256 1967527
531 48
10717783 579
761261244 10718362
4571694 2507782
447628 156
7079476 447784
771979606 7527260
133713 58315
779506866 192028
2123820 228027
322 641
2351847 963
779698894 2352810
156269 85789
782051704 242058
7527260 113684
7640944 111936
782293762 7752880
2352810 16976
2369786 5110
790046642 2374896
8750256 84850
8835106 203694
792421538 9038800
4571694 2123820
5458 37714
6695514 43172
801460338 6738686
689693 1280
690973 8
808199024 690981
4571694 2012292
7658 641
6583986 8299
808890005 6592285
291126 309688
815482290 600814
2507782 252240
2760022 20324
816083104 2780346
33554432 637348
34191780 79923
818863450 34271703
34271703 2423810
81247 8
36695513 81255
853135153 36776768
