2026
1 1
2 2
4 4
8 8
16 16
32 32
64 64
128 128
256 256
512 512
1024 1024
2048 2048
4096 4096
8192 8192
16384 16384
32768 32768
65536 65536
131072 131072
262144 262144
524288 524288
1048576 1048576
2097152 2097152
4194304 4194304
2048 256
128 64
2304 192
2496 2
4096 2498
8192 2498
512 128
32 8
10690 640
40 4
11330 44
16384 11374
8192 1024
640 256
64 32
9216 896
96 2
10112 98
32768 10210
16384 2498
1024 128
16 2
18882 1152
18 1
20034 19
42978 20053
16384 1152
128 44
16 1
17536 172
17708 17
65536 17725
8192 512
98 8
4 1
8704 106
8810 5
83261 8815
11374 2048
16 4
13422 20
92076 13442
1152 256
5 192
1408 197
105518 1605
13442 1152
128 5
14594 133
14727 2
107123 14729
9216 512
64 17
9728 81
9809 8
131072 9817
4096 2048
64 2
6144 66
6210 1
140889 6211
98 2304
147100 2402
4096 640
172 8
4736 180
4916 2
149502 4918
640 18
658 192
154420 850
14729 18
14747 256
155270 15003
197 18
215 8
170273 223
4096 172
4268 1
170496 4269
18882 133
18 4
19015 22
174765 19037
8192 172
8364 44
193802 8408
2498 256
17 44
2754 61
202210 2815
6594 1152
96 16
7746 112
205025 7858
8 2
212883 10
4918 1024
5942 2
212893 5944
18882 5
18887 96
218837 18983
512 8
520 1
237820 521
6594 10
6604 133
238341 6737
658 44
8 1
702 9
245078 711
1605 2
1607 1
245789 1608
245789 9809
4918 711
10 4
5629 14
255598 5643
20053 2815
520 40
22868 560
262144 23428
1408 4
1412 2
285572 1414
4918 44
4962 256
286986 5218
2498 98
2596 4
292204 2600
27758 2048
20 8
29806 28
294804 29834
5218 5629
324638 10847
19037 256
215 20
19293 235
335485 19528
10210 256
180 4
10466 184
355013 10650
9 10210
365663 10219
23428 133
23561 2304
375882 25865
521 40
401747 561
16384 711
61 17
17095 78
402308 17173
9216 81
9297 106
419481 9403
13442 180
13622 128
428884 13750
8192 32
8224 2
442634 8226
4096 16
4112 8
450860 4120
7858 197
8055 40
454980 8095
5218 66
5284 256
463075 5540
17173 197
17370 4
468615 17374
2600 5
2605 96
485989 2701
9216 19
9235 8
488690 9243
28 8704
497933 8732
8095 6210
506665 14305
2815 9
2824 658
524288 3482
9297 44
9341 40
527770 9381
6737 896
19 44
7633 63
537151 7696
19037 19
19056 16
544847 19072
8732 235
563919 8967
25865 9
25874 658
572886 26532
11374 561
32 4
11935 36
599418 11971
32768 40
32808 4096
611389 36904
9403 180
2 1
9583 3
648293 9586
223 850
657879 1073
11374 256
20 106
11630 126
658952 11756
10847 256
11103 1
670708 11104
5944 96
6040 4
681812 6044
5 2304
687856 2309
256 98
354 16
690165 370
36904 520
37424 2402
690535 39826
521 96
730361 617
23561 184
23745 521
730978 24266
10847 4
10851 2
755244 10853
1608 19
1627 64
766097 1691
7858 32
7890 1
767788 7891
9583 6211
775679 15794
5643 172
5815 32
791473 5847
2048 180
2228 5
797320 2233
799553 2048
223 215
801601 438
3482 180
3662 2
802039 3664
5944 10690
805703 16634
3482 896
822337 4378
3664 197
3861 40
826715 3901
5643 81
830616 5724
7746 7746
836340 15492
5540 19
851832 5559
2824 36
2860 235
857391 3095
13750 256
14006 8
860486 14014
3095 256
18 64
3351 82
874500 3433
711 44
755 64
877933 819
3861 9
878752 3870
20053 896
32 16
20949 48
882622 20997
11971 18
11989 192
903619 12181
2309 13750
915800 16059
40 6594
931859 6634
15794 19
15813 128
938493 15941
4736 8192
954434 12928
3095 192
3287 1
967362 3288
4736 32
970650 4768
25874 5944
975418 31818
17536 40
17576 1
1007236 17577
12928 64
1024813 12992
1414 4918
1048576 6332
1054908 17
2498 32
1054925 2530
29834 1073
20 19
30907 39
1057455 30946
3901 180
4081 5
1088401 4086
10466 711
1092487 11177
1152 20
1172 18
1103664 1190
7746 19
7765 4
1104854 7769
561 112
1112623 673
3482 5
1113296 3487
2605 8815
1116783 11420
17725 521
18246 223
1128203 18469
2048 44
2092 64
1146672 2156
8815 17
8832 40
1148828 8872
30946 640
31586 8
1157700 31594
3901 22868
1189294 26769
4120 17
4137 32
1216063 4169
6210 81
1220232 6291
8095 28
8123 64
1226523 8187
9586 40
9626 64
1234710 9690
39 2596
1244400 2635
235 19
1247035 254
40 128
1247289 168
23428 896
1247457 24324
2530 10210
1271781 12740
3487 133
3620 32
1284521 3652
18246 10
18256 197
1288173 18453
6737 438
7175 5
1306626 7180
4378 112
4490 215
1313806 4705
1318511 2824
673 3870
1321335 4543
2815 4916
1325878 7731
6211 1408
1333609 7619
7180 180
7360 256
1341228 7616
180 8815
1348844 8995
42978 7858
50836 2496
1357839 53332
4962 106
5068 1
1411171 5069
82 1605
1416240 1687
17 172
1417927 189
10112 18
10130 44
1418116 10174
22 896
1428290 918
11104 44
11148 8
1429208 11156
215 106
1440364 321
20 4096
1440685 4116
3662 8732
1444801 12394
7731 9297
1457195 17028
9690 5815
1474223 15505
9690 5847
1489728 15537
78 521
1505265 599
7696 215
1505864 7911
1073 658
1513775 1731
12928 184
1515506 13112
3095 4096
1528618 7191
4269 22
4291 32
1535809 4323
4112 658
1540132 4770
98 64
1544902 162
16059 6210
1545064 22269
6210 172
1567333 6382
3870 755
1573715 4625
5643 711
1578340 6354
755 9341
1584694 10096
10210 2496
1594790 12706
1190 98
1288 4
1607496 1292
31594 44
1608788 31638
12394 15813
1640426 28207
755 4120
1668633 4875
1172 4096
1673508 5268
3487 5
3492 106
1678776 3598
3351 66
3417 8
1682374 3425
5218 2754
1685799 7972
7858 658
1693771 8516
7911 9690
1702287 17601
96 44
1719888 140
1719888 755
8832 3901
1720643 12733
17173 63
17236 106
1733376 17342
10851 561
1750718 11412
6332 106
1762130 6438
755 40
795 16
1768568 811
5 2048
1769379 2053
850 98
1771432 948
1768568 10690
3620 19056
1779258 22676
4137 2596
1801934 6733
12733 3598
1808667 16331
50836 617
51453 223
1824998 51676
4736 17536
1876674 22272
8408 896
1898946 9304
711 6144
1908250 6855
6737 96
1915105 6833
17601 3095
1921938 20696
7616 28
1942634 7644
133 17725
1950278 17858
2701 4916
1968136 7617
370 6604
1975753 6974
18469 98
18567 1
1982727 18568
4543 2048
2001295 6591
53332 811
54143 3662
2007886 57805
40 2304
2065691 2344
2824 1412
2068035 4236
4378 9243
2072271 13621
39 10847
2097152 10886
1687 8732
2108038 10419
7175 7858
2118457 15033
3652 3487
2133490 7139
32808 2228
35036 44
2140629 35080
658 106
2175709 764
3620 23561
2176473 27181
948 180
2203654 1128
370 3482
2204782 3852
172 10112
2208634 10284
11103 8408
2218918 19511
6737 16
2238429 6753
438 19
457 8
2245182 465
1627 520
2245647 2147
37424 2309
39733 36
2247794 39769
22868 2754
2287563 25622
10096 4543
2313185 14639
3664 61
3725 106
2327824 3831
162 235
2331655 397
4543 850
2332052 5393
755 106
2337445 861
12706 4916
2338306 17622
61 1024
2355928 1085
3351 17725
2357013 21076
15537 17725
2378089 33262
2156 2605
2411351 4761
2411351 9583
12181 17
12198 40
2420934 12238
48 235
2433172 283
521 4269
2433455 4790
4137 1024
2438245 5161
15794 9
2443406 15803
51676 44
2459209 51720
2596 192
2510929 2788
2053 5942
2513717 7995
3725 3351
2521712 7076
3861 112
2528788 3973
1073 40
2532761 1113
28207 1414
61 16
29621 77
2533874 29698
2344 1687
2563572 4031
521 106
2567603 627
18246 5629
2568230 23875
948 795
2592105 1743
6354 370
2593848 6724
1801934 801601
254 254
2603535 508
29698 2053
2604043 31751
17601 370
2635794 17971
861 20053
2653765 20914
5643 106
2674679 5749
2680428 2156
4490 2496
2682584 6986
21076 28
21104 560
2689570 21664
2600 896
2711234 3496
1288 599
2714730 1887
4490 172
2716617 4662
3901 850
2721279 4751
235 1607
2726030 1842
48 1627
2727872 1675
3652 4086
2729547 7738
7191 63
2737285 7254
2744539 6591
162 6291
2751130 6453
4490 1607
2757583 6097
599 2701
2763680 3300
9690 10851
2766980 20541
78 1152
2787521 1230
4112 6211
2788751 10323
4120 10210
2799074 14330
39 755
2813404 794
192 1024
2814198 1216
5942 11374
2815414 17316
1627 184
2832730 1811
81 512
2834541 593
850 8810
2835134 9660
37424 112
2844794 37536
4378 20034
2882330 24412
2906742 63
10219 5643
2906805 15862
66 1152
2922667 1218
14639 39
2923885 14678
9728 19
2938563 9747
561 5643
2948310 6204
2860 560
2954514 3420
321 32
2957934 353
14 6144
2958287 6158
8364 2304
2964445 10668
520 2498
2975113 3018
354 4
2978131 358
3433 8408
2978489 11841
2600 1607
2990330 4207
3095 172
3267 1
2994537 3268
2233 2824
2997805 5057
4705 172
3002862 4877
140 896
3007739 1036
3831 184
3008775 4015
7911 126
3012790 8037
673 711
3020827 1384
1172 8192
3022211 9364
2092 63
3031575 2155
918 2309
3033730 3227
3031575 8055
11330 8
3039630 11338
764 14
3050968 778
8 4
3051746 12
16384 1024
3051758 17408
8226 8815
3069166 17041
3662 13750
3086207 17412
19 1024
3103619 1043
37536 168
3104662 37704
77 1687
3142366 1764
521 10112
3144130 10633
850 2496
3154763 3346
4086 1408
3158109 5494
11935 44
3163603 11979
520 16
3175582 536
4137 17
3176118 4154
23875 223
24098 81
3180272 24179
2701 20034
3204451 22735
2048 1024
3227186 3072
4323 11989
3230258 16312
4768 8967
3246570 13735
1687 19293
3260305 20980
10853 1073
3281285 11926
764 26769
3293211 27533
5559 1607
3320744 7166
4031 6753
3327910 10784
6354 4
3338694 6358
397 98
3345052 495
24324 2
3345547 24326
6634 126
3369873 6760
3022211 355013
4490 4137
3377224 8627
24412 22
24434 1152
3385851 25586
896 11330
3411437 12226
3423663 948
3662 106
3424611 3768
560 711
3428379 1271
19072 8
3429650 19080
8123 2596
3448730 10719
3459449 3288
521 112
3462737 633
9235 8224
3463370 17459
35080 354
35434 1412
3480829 36846
39826 599
40425 850
3517675 41275
78 6604
3558950 6682
2344 11330
3565632 13674
1764 1811
3579306 3575
3582881 8364
8095 640
3591245 8735
457 16
3599980 473
3620 8732
3600453 12352
3591245 26769
21076 6737
3618014 27813
4291 20949
3645827 25240
4269 44
3671067 4313
19511 4323
3675380 23834
3433 15492
3699214 18925
3861 96
3718139 3957
861 189
3722096 1050
78 14594
3723146 14672
819 354
3737818 1173
9728 16384
3738991 26112
8226 8704
3765103 16930
11756 1
3782033 11757
3095 106
3793790 3201
31594 6044
3796991 37638
4081 3662
3834629 7743
3662 10
3842372 3672
4137 3861
3846044 7998
189 5284
3854042 5473
8055 6211
3859515 14266
4875 3487
3873781 8362
755 8224
3882143 8979
3859515 35036
82 8815
3894551 8897
7633 20
3903448 7653
40425 5
40430 106
3911101 40536
254 2815
3951637 3069
3227 6974
3954706 10201
948 19528
3964907 20476
6332 2
3985383 6334
4768 658
3991717 5426
4770 8123
3997143 12893
8095 17095
4010036 25190
2309 6210
4035226 8519
795 9809
4043745 10604
11177 10219
4054349 21396
3287 560
4075745 3847
11756 1412
4079592 13168
5284 4918
4092760 10202
42978 5284
61 32
48262 93
4102962 48355
6144 20
4151317 6164
1608 14727
4157481 16335
5540 1024
4173816 6564
9216 128
4194304 9344
184 2754
4203648 2938
3496 10219
4206586 13715
673 3482
4220301 4155
521 2498
4224456 3019
5847 9586
4227475 15433
9235 32
4242908 9267
4137 13750
4252175 17887
8364 32
4270062 8396
2313185 1982727
2815 44
4295912 2859
63 17370
4298771 17433
4316204 29806
6211 96
4346010 6307
77 2596
4352317 2673
7911 7360
4354990 15271
561 5629
4370261 6190
3861 18882
4376451 22743
17725 256
4399194 17981
7858 18
4417175 7876
2156 1
4425051 2157
3903448 527770
794 4268
4431218 5062
521 66
4436280 587
29834 896
4436867 30730
711 5
4467597 716
4086 4096
4468313 8182
235 1024
4476495 1259
19015 96
4477754 19111
5629 2498
4496865 8127
66 11330
4504992 11396
1627 4269
4516388 5896
2605 66
4522284 2671
82 5942
4524955 6024
397 1607
4530979 2004
50836 354
51190 1
4532983 51191
4269 256
4584174 4525
17459 6144
4588699 23603
6733 8408
4612302 15141
3288 3901
4627443 7189
3901 2
4634632 3903
17577 3351
4638535 20928
1627 29834
4659463 31461
235 2402
4690924 2637
7891 1024
4693561 8915
10886 18453
4702476 29339
13112 2635
4731815 15747
12992 126
4747562 13118
1050 948
4760680 1998
7189 37424
4762678 44613
465 2815
4807291 3280
7360 5559
4810571 12919
1691 896
4823490 2587
8832 8815
4826077 17647
17576 11971
4843724 29547
1608 66
4873271 1674
4874945 521
4268 44
4875466 4312
44 2
4879778 46
12733 23745
4879824 36478
3268 2228
4916302 5496
9817 640
4921798 10457
4932255 172
1605 512
4932427 2117
12238 19037
4934544 31275
18983 66
4965819 19049
658 6594
4984868 7252
1842 1152
4992120 2994
673 1412
4995114 2085
8187 7696
4997199 15883
3288 1408
5013082 4696
4543 8226
5017778 12769
7644 32
5030547 7676
77 2701
5038223 2778
5 512
5041001 517
7765 1024
5041518 8789
5068 10853
5050307 15921
1731 4137
5066228 5868
4120 520
5072096 4640
3433 3482
5076736 6915
20696 3095
5083651 23791
764 1731
5107442 2495
3287 10690
5109937 13977
5284 184
5123914 5468
7891 711
5129382 8602
2147 128
5137984 2275
1414 81
5140259 1495
8967 96
5141754 9063
17041 8732
5150817 25773
22868 14
5176590 22882
6291 8055
5199472 14346
617 9586
5213818 10203
8872 702
5224021 9574
36904 2605
5233595 39509
1412 2496
5273104 3908
77 8872
5277012 8949
8226 896
5285961 9122
4751 711
5295083 5462
4378 13622
5300545 18000
1675 2092
5318545 3767
3417 354
5322312 3771
6040 1
5326083 6041
215 658
5332124 873
2053 20
5332997 2073
521 13422
5335070 13943
8408 44
5349013 8452
1627 2701
5357465 4328
1691 180
5361793 1871
4751 9297
5363664 14048
22 16384
5377712 16406
14305 1024
5394118 15329
7890 1608
5409447 9498
3300 20997
5418945 24297
24324 2635
5443242 26959
2092 5540
5470201 7632
2815 8
5477833 2823
353 5218
5480656 5571
35434 32
5486227 35466
6604 2
5521693 6606
9626 4137
5528299 13763
12733 6354
5542062 19087
6733 256
5561149 6989
184 6604
5568138 6788
168 755
5574926 923
5574926 5815
4120 17725
5580741 21845
711 8408
5602586 9119
5611705 2092
5613797 2157
397 5540
5615954 5937
7765 5847
5621891 13612
6604 1024
5635503 7628
7731 3664
5643131 11395
1172 128
5654526 1300
168 1190
5655826 1358
8516 4705
5657184 13221
17577 8224
5670405 25801
5944 172
5696206 6116
521 5
5702322 526
850 2498
5702848 3348
25874 1024
5706196 26898
14014 32808
5733094 46822
3652 1412
5779916 5064
5779916 17095
673 2600
5797011 3273
3351 9235
5800284 12586
7633 521
5812870 8154
6291 520
5821024 6811
2496 1024
5827835 3520
2092 1190
5831355 3282
1605 2048
5834637 3653
29834 223
30057 4
5838290 30061
2815 14594
5868351 17409
6634 17708
5885760 24342
5494 1384
5910102 6878
640 1024
5916980 1664
9341 10847
5918644 20188
4736 44
5938832 4780
46822 106
46928 640
5943612 47568
3492 12706
5991180 16198
3051758 2958287
4770 10219
6010045 14989
5749 133
6025034 5882
702 520
6030916 1222
2587 358
6032138 2945
7858 180
6035083 8038
17601 7180
6043121 24781
370 5284
6067902 5654
4490 2530
6073556 7020
2147 15505
6080576 17652
4268 18
6098228 4286
23561 66
6102514 23627
358 3901
6126141 4259
8810 18
6130400 8828
7076 22
6139228 7098
1627 112
6146326 1739
6146326 2815
2344 223
6149141 2567
17601 560
6151708 18161
10784 2092
6169869 12876
20 640
6182745 660
7911 850
6183405 8761
6733 3652
6192166 10385
7633 7858
6202551 15491
8516 658
6218042 9174
354 1414
6227216 1768
6228984 1085
9809 1408
6230069 11217
31275 536
6241286 31811
561 17725
6273097 18286
9583 192
6291383 9775
2596 81
6301158 2677
6044 1152
6303835 7196
11935 10466
6311031 22401
321 2860
6333432 3181
1412 14594
6336613 16006
2092 4269
6352619 6361
2635 1414
6358980 4049
6291 8
6363029 6299
1605 40
6369328 1645
2233 1414
6370973 3647
3425 1190
6374620 4615
4705 4096
6379235 8801
6382 17708
6388036 24090
560 8815
6412126 9375
189 1412
6421501 1601
711 6211
6423102 6922
370 5944
6430024 6314
8224 78
6436338 8302
6421501 27533
5218 215
6449034 5433
15813 10650
6454467 26463
8055 6737
6480930 14792
39 10853
6495722 10892
2304 16
6506614 2320
4543 78
6508934 4621
3487 19037
6513555 22524
10112 40
6536079 10152
1190 3287
6546231 4477
3425 13422
6550708 16847
8810 64
6567555 8874
14639 7139
6576429 21778
3861 6737
6598207 10598
19 1152
6608805 1171
1414 7858
6609976 9272
10650 1024
6619248 11674
2092 1152
6630922 3244
6634166 8
162 7858
6634174 8020
8095 2048
6642194 10143
3433 3664
6652337 7097
18 98
6659434 116
5938832 730978
22 8704
6669810 8726
6737 10112
6678536 16849
370 640
6695385 1010
3351 617
6696395 3968
235 2304
6700363 2539
7765 235
6702902 8000
24324 640
6710902 24964
2233 4268
6735866 6501
4137 37424
6742367 41561
7617 1292
6783928 8909
7189 10851
6792837 18040
2938 168
6810877 3106
2233 22
6813983 2255
4843724 1975753
15505 3287
6819477 18792
6354 9690
6838269 16044
35080 7191
6854313 42271
3870 20
6896584 3890
1412 5942
6900474 7354
5847 521
6907828 6368
235 17708
6914196 17943
1687 256
6932139 1943
51720 321
52041 197
6934082 52238
22868 20034
6986320 42902
370 9809
7029222 10179
617 64
7039401 681
7040082 3019
63 10466
7043101 10529
1408 2496
7053630 3904
4120 10650
7057534 14770
4625 2402
7072304 7027
1687 520
7079331 2207
764 2048
7081538 2812
7084350 7252
5629 64
7091602 5693
7097295 4
1113 15033
7097299 16146
6144 9216
7113445 15360
3425 112
7128805 3537
561 133
7132342 694
48 11935
7133036 11983
7166 9364
7145019 16530
63 10219
7161549 10282
794 795
7171831 1589
7173420 2701
10633 5643
7176121 16276
10 10690
7192397 10700
4768 19
7203097 4787
7207884 1172
47568 10
47578 197
7209056 47775
17412 223
7256831 17635
1073 2754
7274466 3827
5568138 1720643
1216 465
7288781 1681
7619 10847
7290462 18466
3870 82
7308928 3952
819 6211
7312880 7030
794 599
7319910 1393
235 197
7321303 432
3831 6144
7321735 9975
7321735 11338
7312880 22868
3482 17
7335748 3499
44613 397
7339247 45010
7890 17
7384257 7907
19293 17
7392164 19310
948 16
7411474 964
3482 98
7412438 3580
54143 2
7416018 54145
2048 2
7470163 2050
7470163 2085
9341 19
7472248 9360
2155 16
7481608 2171
7483779 4625
4269 850
7488404 5119
11103 5629
7493523 16732
5559 126
7510255 5685
17236 61
7515940 17297
4761 98
7533237 4859
15537 896
7538096 16433
2600 6737
7554529 9337
12181 2600
7563866 14781
4268 96
7578647 4364
599 8
7583011 607
8226 4096
7583618 12322
12992 8810
7595940 21802
3433 6604
7617742 10037
2860 354
7627779 3214
7627779 6564
512 2
7634343 514
8055 2
7634857 8057
4962 2754
7642914 7716
7634343 29621
673 850
7663964 1523
1607 98
7665487 1705
9583 63
7667192 9646
140 9809
7676838 9949
24266 7858
7686787 32124
7718911 1607
6900474 826715
4120 197
7727189 4317
78 6211
7731506 6289
2092 6594
7737795 8686
658 197
7746481 855
6855 3662
7747336 10517
5284 561
7757853 5845
7175 9
7763698 7184
2860 8224
7770882 11084
702 81
7781966 783
2860 5218
7782749 8078
4962 521
7790827 5483
77 1128
7796310 1205
15794 5540
7797515 21334
29806 19
7818849 29825
2701 14729
7848674 17430
2309 2496
7866104 4805
51190 4269
7870909 55459
658 5
7926368 663
7927031 184
560 2815
7927215 3375
12928 48
7930590 12976
4378 11374
7943566 15752
4291 10650
7959318 14941
4169 521
7974259 4690
2860 4096
7978949 6956
106 64
7985905 170
560 640
7986075 1200
6833 17028
7987275 23861
6907828 1113296
4962 2815
8021124 7777
1691 850
8028901 2541
36478 25874
8031442 62352
4169 1691
8093794 5860
2156 4962
8099654 7118
673 18
8106772 691
5944 180
8107463 6124
702 197
8113587 899
1408 16
8114486 1424
1887 11148
8115910 13035
5068 44
8128945 5112
561 44
8134057 605
254 5284
8134662 5538
16634 1024
8140200 17658
8995 5847
8157858 14842
3482 8810
8172700 12292
918 673
8184992 1591
17622 11630
8186583 29252
15813 8
8215835 15821
4112 11374
8231656 15486
2860 8095
8247142 10955
617 521
8258097 1138
10847 5944
8259235 16791
9817 18
8276026 9835
8285861 2605
8704 19
8288466 8723
5643 20
8297189 5663
18882 44
8302852 18926
192 4
8321778 196
3652 1607
8321974 5259
31586 6634
8327233 38220
8224 81
8365453 8305
7769 20034
8388608 27803
8874 39769
8416411 48643
28 1608
8465054 1636
520 850
8466690 1370
98 1
8468060 99
2635 5218
8468159 7853
9304 17708
8476012 27012
11420 640
8503024 12060
617 850
8515084 1467
10853 850
8516551 11703
5528299 3007739
520 61
8536038 581
8226 128
8536619 8354
1627 370
8544973 1997
17725 11374
8546970 29099
96 2048
8576069 2144
3870 711
8578213 4581
7039401 1545064
2344 32
8584465 2376
5494 184
8586841 5678
4120 2402
8592519 6522
8586841 14747
6211 11374
8601588 17585
2053 520
8619173 2573
10886 189
8621746 11075
10130 2309
8632821 12439
192 2
8645260 194
861 82
8645454 943
235 22868
8646397 23103
235 9809
8669500 10044
6737 81
8679544 6818
17576 1152
8686362 18728
61 896
8705090 957
3598 2309
8706047 5907
8706047 10284
4112 192
8716331 4304
11103 17
8720635 11120
1608 6737
8731755 8345
702 106
8740100 808
8832 4
8740908 8836
3620 17
8749744 3637
7911 64
8753381 7975
9 81
8761356 90
521 8704
8761446 9225
5834637 2975113
3652 755
8809750 4407
2701 14
8814157 2715
8814157 11979
8809750 17408
4291 1414
8827158 5705
19072 106
8832863 19178
560 2
8852041 562
2228 4918
8852603 7146
12928 14006
8859749 26934
17577 2596
8886683 20173
1608 1024
8906856 2632
2228 9
8909488 2237
1408 106
8911725 1514
180 1408
8913239 1588
8911725 3227
1998 22868
8914952 24866
438 1073
8939818 1511
3433 197
8941329 3630
30946 2304
8944959 33250
2788 215
8978209 3003
192 512
8981212 704
918 16059
8981916 16977
25801 15033
8998893 40834
15821 55459
9039727 71280
8123 96
9111007 8219
1190 2402
9119226 3592
1607 9
9122818 1616
162 1731
9124434 1893
3095 1607
9126327 4702
6354 18882
9131029 25236
12238 1190
9156265 13428
2498 16
9169693 2514
7180 9341
9172207 16521
12181 16
9188728 12197
126 1608
9200925 1734
126 1073
9202659 1199
2701 9809
9203858 12510
9216368 4269
370 14727
9220637 15097
560 17
9235734 577
438 896
9236311 1334
96 2498
9237645 2594
12181 354
9240239 12535
627 6974
9252774 7601
755 133
9260375 888
22735 8037
9261263 30772
3652 1414
9292035 5066
17858 17028
9297101 34886
6379235 2964445
673 2701
9343680 3374
1408 44
9347054 1452
77 4962
9348506 5039
9331987 26934
18568 30946
9358921 49514
3433 9216
9408435 12649
3425 162
9421084 3587
6449034 2978489
10851 896
9427523 11747
2605 40
9439270 2645
1675 1608
9441915 3283
5559 22
9445198 5581
3652 172
9450779 3824
673 4916
9454603 5589
30061 3973
9460192 34034
133 640
9494226 773
126 8815
9494999 8941
702 32
9503940 734
755 5
9504674 760
3287 16
9505434 3303
1288 4137
9508737 5425
9348506 170496
78 25865
9519002 25943
2605 2596
9544945 5201
283 16384
9550146 16667
1691 66
9566813 1757
3870 18887
9568570 22757
11935 133
9591327 12068
517 1085
9603395 1602
850 197
9604997 1047
14006 8815
9606044 22821
4490 5284
9628865 9774
9638639 6606
15003 2496
9645245 17499
7076 19511
9662744 26587
8967 184
9689331 9151
560 520
9698482 1080
1608 8408
9699562 10016
4490 192
9709578 4682
17095 850
9714260 17945
23745 133
9732205 23878
2156 7890
9756083 10046
10784 17708
9766129 28492
7180 18
9794621 7198
3652 3620
9801819 7272
3664 180
9809091 3844
14014 617
9812935 14631
1073 25874
9827566 26947
7769 10853
9854513 18622
1998 20949
9873135 22947
9896082 577
2156 2754
9896659 4910
22735 465
9901569 23200
9924769 4137
9924769 8723
2309 1024
9933492 3333
354 9586
9936825 9940
9297 9
9946765 9306
126 184
9956071 310
9504674 454980
254 2309
9959654 2563
2596 8408
9962217 11004
6604 98
9973221 6702
10847 2498
9979923 13345
