1112
1 1
2 2
4 4
4 1
8 5
13 13
26 26
26 13
5 2
39 7
52 46
98 98
196 26
222 222
98 7
105 26
444 131
26 8
575 34
222 26
248 5
609 253
196 5
201 4
862 205
862 222
39 2
1084 41
1067 98
98 39
1165 137
52 34
2 1
86 3
1302 89
1391 1
1165 253
89 248
1418 337
253 3
256 13
1755 269
7 7
2024 14
2038 13
137 8
145 4
2051 149
26 4
2200 30
8 2
2230 10
2230 46
86 41
2276 127
30 5
2403 35
5 4
2438 9
2438 35
89 39
2473 128
30 52
2601 82
46 2
2683 48
2447 337
1418 1391
2038 862
2809 205
3014 86
3100 9
1755 1755
86 8
3510 94
89 8
3604 97
14 5
3701 19
105 196
3720 301
3510 609
2731 1391
105 5
4122 110
2230 2051
2683 1755
131 7
4438 138
2473 2276
4576 248
98 8
4824 106
46 4
4930 50
4980 46
34 39
5026 73
131 4
5099 135
2809 2473
26 2
5282 28
4824 575
39 4
5399 43
5310 137
2809 2731
5442 138
89 7
5580 96
5234 609
4122 1755
4930 1067
30 2
5997 32
13 8
6029 21
98 4
6050 102
301 127
6152 428
4576 2038
256 3
6614 259
6873 4
41 4
6877 45
6922 4
6922 14
6873 73
39 8
6946 47
6993 10
14 248
7003 262
127 248
7265 375
7640 26
4576 3109
7640 96
41 52
7736 93
4122 3720
7666 248
7829 135
7914 98
7964 86
41 105
8050 146
205 5
8196 210
4749 3720
8469 32
4824 3701
8501 30
5310 3604
7003 2051
9054 135
9054 137
9191 4
205 2
9195 207
3 98
9402 101
41 248
9503 289
9792 28
41 8
9820 49
9820 98
41 26
9918 67
10 13
9985 23
9918 138
9869 196
7640 2473
10113 13
8406 1755
5310 4980
9191 1125
7736 2601
7265 3109
6877 3604
428 13
10481 441
10922 9
94 10
10931 104
10922 137
7003 4232
10161 1084
10290 1067
104 269
11357 373
145 8
11730 153
6922 5026
127 196
11948 323
6926 5399
6580 5843
12325 127
7640 4824
201 39
12464 240
12464 253
9054 3701
8525 4281
12717 102
12704 137
9402 3510
12325 609
8406 4576
11357 1755
7964 5540
13504 9
13504 104
145 2
13608 147
7265 6580
98 46
13845 144
30 248
13989 278
50 110
14267 160
14427 52
10065 4438
14427 105
13608 1067
86 34
14675 120
14675 145
9195 5676
7685 7265
13845 1125
8525 6580
15105 39
13755 1418
9869 5442
8050 7265
14970 375
14503 1084
12806 2809
323 2
15615 325
10922 5026
10290 5997
14970 1392
8525 7964
14532 2024
16362 269
15345 1302
12755 4021
21 4
16776 25
16631 222
16556 337
14427 2473
16362 609
16776 269
222 4
17045 226
89 41
17271 130
14871 2601
13513 4281
12704 5099
14820 3109
52 2
17929 54
17983 26
12806 5399
15105 3109
14 13
18214 27
105 46
18241 151
52 13
18392 65
13513 5099
10290 8531
14 201
18821 215
9869 9191
10126 9195
16631 2809
12841 7003
19844 45
15345 4749
13 2
20094 15
15311 4824
14950 5234
289 262
20184 551
12271 8469
12325 8531
13989 6926
20735 222
16801 4232
20856 441
11245 10056
11948 9402
14427 6936
94 222
21363 316
16287 5580
82 35
21867 117
21867 120
21984 49
16287 5843
13845 8501
19889 2473
12271 10126
127 2
22397 129
12755 9792
18457 4438
13513 9402
14427 8525
15345 7666
18612 4438
18392 5026
23418 8
13112 10337
52 4
23449 56
23426 106
21033 2683
12755 11035
12912 11059
19889 4232
12806 11357
12806 11730
7 13
24536 20
16647 7914
24556 54
24556 65
12982 11883
24536 441
22547 2438
20957 4122
18241 6922
14267 11035
14479 10931
25302 128
20135 5310
16362 9191
48 248
25553 296
14 52
25849 66
18009 7914
20135 5997
23418 2784
46 26
26202 72
14267 12271
18821 7736
19321 7265
26557 49
14970 11730
98 26
26700 124
13845 12982
21301 5580
14970 11948
26824 101
26824 127
20109 6926
23011 4122
18612 8525
27133 105
17271 9985
22547 4749
27296 296
22895 4930
18009 9820
15105 12912
269 2
28017 271
15615 12841
18457 10337
21984 6873
25430 3604
20957 8196
19440 10008
24121 5447
29448 226
16853 12841
21297 8525
24556 5282
17045 12841
29694 240
29568 375
24556 5447
29934 138
29694 551
30245 323
30568 19
17929 12819
30748 15
25553 5234
17045 13755
19036 11948
30984 110
25410 5877
22130 9195
24561 6873
20957 10481
23050 8406
24561 6946
17045 14479
31456 104
31456 153
29034 2784
22130 9869
41 444
31999 485
25923 6614
16971 15587
31456 1125
24121 8469
22130 11059
26274 6922
16647 16631
22346 11059
20735 12755
18205 15345
20740 13112
27238 6946
21301 12912
24121 10113
24163 10113
19440 14871
34184 151
34276 153
33405 1084
20915 13608
20094 14479
24556 10113
201 46
34669 247
21987 12934
34669 269
86 105
34938 191
21679 13513
24977 10374
26918 8469
30568 4980
35351 247
26700 8914
35598 30
23716 11948
34573 1125
35628 316
24977 11035
24977 11059
18205 17929
29568 6580
18457 17794
105 13
36251 118
26132 10316
22033 14427
26557 10065
3 137
36622 140
20957 15940
21033 15940
32484 4576
36973 153
22526 14820
20915 16489
33405 4021
19440 18009
30587 6877
27137 10337
20856 16900
25163 12717
269 7
37880 276
26824 11357
25915 12423
23532 14820
27256 11235
23716 14871
23790 14871
29568 9189
38491 323
29694 9191
38885 5
20915 17983
31287 7640
21984 16971
24163 14871
20740 18392
24536 14675
24121 15144
29694 10161
22033 18009
37060 3100
38814 1392
39132 1084
21297 19060
26827 13755
36148 4438
27137 13504
24163 16801
32484 8501
24985 16287
98 13
41272 111
39132 2276
25163 16362
22526 19060
28017 13608
21867 19844
27035 14970
21350 20740
35387 6946
25430 17045
33278 9503
29034 13755
21679 21301
28456 14820
35192 8196
29674 13845
23505 20109
35192 8469
26918 16801
23050 20735
23971 20094
24561 19889
29448 15105
44450 375
26881 17983
29034 15948
29568 15615
44982 222
23418 21867
36762 8525
45204 140
45285 147
23505 22033
145 13
45538 158
45696 105
25163 20740
29034 16971
26700 19440
36012 10337
27829 18612
24610 21867
26606 19889
29886 16776
23716 23011
31456 15311
29034 17803
23790 23050
27825 19060
38955 7964
27238 19889
30800 16776
24985 22952
26700 21301
29568 18612
32581 15615
35614 12912
26918 21679
24561 24163
25430 23532
29674 19321
26925 22130
38156 10922
33852 15345
35698 13504
36460 12755
31456 17803
31999 17401
24865 24536
36973 12452
49401 28
25079 24556
28794 20856
34523 15144
25163 24610
33490 16287
31560 18457
49777 323
25553 24561
49635 609
40206 10065
40582 9820
36134 14479
32590 18241
38885 11948
40985 10008
46727 4281
26925 24121
41383 9792
33189 18241
27296 24163
26700 24865
29694 21984
27137 24621
44065 7914
49650 2403
34213 17929
26274 25915
27256 24977
44553 7685
26881 25410
30568 22130
31999 20735
28794 24121
30568 22397
42980 10065
33405 19889
31434 21867
29153 24163
26881 26586
31438 22033
27133 26538
30748 22952
42781 11035
36134 17803
36148 17803
27238 26827
37464 16631
31094 23050
27137 27035
33405 21033
52291 2240
32581 21984
27825 26827
34938 20135
33189 21984
43519 11730
29838 25430
34335 21033
35548 19889
30984 24610
55594 10
38757 16853
30787 24977
43519 12423
55942 54
31438 24561
55999 50
29674 26557
13 4
56231 17
32537 23716
32558 24121
98 2
56679 100
30245 26606
30763 26132
29694 27256
31609 25430
50244 6936
51046 6152
30245 27035
42789 14503
44553 12841
38885 18821
36973 20856
32581 25430
36036 21987
37126 20915
46885 11235
57706 485
34921 23449
31438 27035
31609 26925
52698 5843
48180 10374
35628 23050
37464 21350
37426 21679
37474 22130
33490 26132
33196 26606
36897 23011
54065 5877
40586 19440
55073 4980
33852 26274
54095 6050
32581 27592
42005 18205
31818 28456
33196 27133
34429 25915
37346 23011
31325 29034
30748 29694
60173 441
30587 30072
57039 3720
35387 25430
36369 24610
51565 9503
36622 24536
31524 29822
41586 19889
41711 19844
33196 28456
43785 17929
37756 24121
36448 25430
49197 12717
49215 12755
40641 21363
61878 153
43519 18612
35598 26557
32558 29674
47937 14532
48597 14267
37474 25430
35387 28017
63404 43
63404 46
63404 100
63404 129
40641 23050
36460 27592
58541 5540
57292 6877
57280 6926
32484 31818
40216 24163
37346 27035
39855 24561
41408 23011
47937 16556
37449 27238
38156 26586
33196 31560
54652 10126
62131 2731
43519 21363
52142 12755
32590 32558
64419 862
48995 16287
35548 29934
34916 30568
34938 30748
36012 29694
34213 31507
40206 25553
40964 24985
43519 22526
55604 10481
58191 7964
40206 26202
50271 16362
34184 32581
36369 30748
36251 30984
33852 33405
38661 28794
52142 15315
41625 25923
42090 25553
38885 28794
43785 23971
35192 32590
34335 33490
36897 31094
41525 26606
35628 32581
38814 29448
36762 31524
34916 33490
37126 31325
34489 34184
40216 28794
40160 28857
38181 30984
54531 14795
46349 23011
47576 22033
38156 31456
48995 20735
37756 31999
39265 30568
48001 21867
37404 32537
39211 31094
44553 25849
49635 21033
44553 26132
48724 21987
40964 30003
48180 22952
37756 33405
39855 31325
36036 35351
38156 33490
43388 28456
37346 34573
46495 25430
49400 22526
45432 26557
38814 33189
46767 25430
38885 33405
42090 30245
54438 18214
46495 26274
37880 34916
37126 35698
45344 27592
38757 34213
41525 31560
50831 22397
49773 23505
54065 19321
37880 35548
45285 28288
39034 34573
67679 6152
37474 36460
52142 21987
43388 30787
66155 8050
48995 25430
40160 34335
46727 28017
38757 36036
58678 16362
53700 21363
57292 17794
72335 2784
48724 26557
48180 27133
38955 36369
39855 35614
38661 37060
44450 31287
55942 19889
46441 29448
40357 35548
41383 34573
42781 33189
48724 27296
38587 37464
40160 36036
43614 32590
48196 28017
60274 15948
49197 27133
39211 37474
45287 31438
47937 28794
57039 19844
62155 14795
48724 28456
66765 10481
38814 38491
66765 10922
45204 32590
60026 17803
51046 26925
57280 20740
60145 17929
42475 35628
52734 25430
46662 31524
45801 32558
60614 17794
60145 18392
52734 25915
56231 22547
61555 17472
42789 36251
40042 39211
43614 35664
55073 24610
46837 33278
47576 32558
45903 34234
35 26
80137 61
63533 16853
78164 2276
47127 33405
45538 35129
49259 31456
45287 35548
40985 39855
65706 15144
44450 36460
58554 22362
54438 26951
50114 31325
58191 23426
40985 40964
48724 33852
60614 21987
43719 39034
55999 26881
45538 37404
58370 24621
48724 34335
49773 33405
53467 29886
45285 38181
48597 34921
47937 35614
49429 34234
42005 41711
46767 36973
49667 34311
54172 29838
54095 29943
45903 38156
42475 41625
46767 37404
46840 37426
67679 16853
68131 16489
51430 33278
53471 31287
46477 38352
48180 36897
46919 38181
46767 38352
53816 31438
55249 30748
58023 28017
54652 31524
43719 42475
50831 35387
50244 36134
61475 25079
45183 41408
49429 37426
46727 40206
52965 34213
46885 40357
52142 35129
45285 42005
50831 36460
83178 4232
48597 38898
49667 37880
64169 23418
49429 38181
70668 17271
58041 29934
52142 36012
51175 37126
3 13
88301 16
52238 36134
60126 28288
55249 33278
49773 38927
74744 13989
50244 38491
48180 40586
51430 37346
73831 14970
49635 39211
54065 34916
50833 38181
50271 38955
49078 40357
53316 36134
58191 31287
50271 39211
45801 43785
64206 25445
48180 41625
51459 38352
54144 35698
55368 34489
67548 22362
66408 23505
73228 16853
45287 44825
53671 36448
61346 28857
55268 34938
49078 41272
56253 34311
61970 28794
57280 33490
52142 38661
62031 28857
58554 32537
52291 38927
67257 23971
54144 37126
57829 33490
55942 35387
53301 38156
57280 34184
57198 34311
54438 37126
52698 38955
46919 44825
48196 43614
58534 33278
50244 41625
46441 45432
46140 45801
49202 42781
46840 45204
57394 34669
56779 35387
53045 39211
47127 45204
65482 26881
83178 9189
47576 44825
51046 41383
46662 45801
56851 35664
61068 31560
70711 21984
55249 37474
48962 43785
54095 38898
62232 30763
70685 22346
70668 22397
49635 43519
50402 42789
62469 30763
50017 43276
57829 35664
53700 39855
83978 9820
66765 27035
51758 42090
61555 32484
59604 34523
55996 38156
48962 45285
48180 46140
55999 38338
72003 22346
80532 13845
56231 38181
58473 35944
59942 34573
49429 45204
73085 21679
49667 45204
55073 39855
68451 26557
60126 34916
49259 45903
51979 43276
48526 46840
61158 34213
53816 41586
51758 43661
50114 45344
49197 46477
58023 37756
48526 47576
55999 40160
52238 44065
52291 44065
72197 24163
57292 39132
62131 34335
64897 31609
51175 45344
62004 34669
64381 32537
58023 38898
55996 40985
74129 22895
65282 31818
73573 23532
49202 47937
50017 47127
62031 35129
55604 41625
66765 30587
73831 23716
53937 43614
49215 48526
60026 37756
62155 35698
64882 33189
50114 48196
92256 6152
71646 26925
65148 33550
59942 38885
53045 45801
60274 38587
64687 34335
73386 25849
52915 46349
62232 37449
79027 20735
