1370
1 1
2 2
4 4
8 8
16 16
32 32
64 2
16 4
66 20
86 64
150 20
8 4
2 1
12 3
170 15
32 15
47 16
185 63
248 15
4 2
263 6
263 20
86 12
98 1
283 99
47 2
382 49
20 3
23 2
431 25
431 63
456 64
99 20
520 119
12 2
639 14
639 63
49 269
702 318
1020 4
1020 20
1024 99
1123 14
1020 119
1123 63
1139 63
185 3
188 4
1202 192
1394 16
1410 1
1411 64
1475 20
1475 119
1594 14
1608 12
20 64
1620 84
1704 99
1803 14
32 2
1817 34
1410 456
20 8
1866 28
1894 16
1851 119
1970 14
20 2
1984 22
1394 639
1984 86
2070 4
2006 84
2070 119
20 32
2189 52
2189 63
34 63
2252 97
2349 16
63 32
2365 95
2460 98
150 15
165 2
2558 167
2725 95
25 99
2820 124
22 63
2944 85
3029 167
49 170
3196 219
85 124
3415 209
3624 167
1817 15
1832 12
3791 1844
5635 64
5635 84
5699 119
5818 14
702 23
725 16
5832 741
52 84
6573 136
6709 64
6 86
6773 92
25 16
6865 41
6865 64
6865 84
5818 1137
6929 119
7048 14
7048 63
7111 52
3 86
7163 89
7252 84
7336 84
7336 99
6929 520
6773 725
7420 219
6906 741
7498 165
23 20
7663 43
7449 741
8190 16
8190 84
6 47
8274 53
6573 1910
8327 167
8483 167
8494 167
8494 219
8650 219
124 263
8869 387
456 15
471 16
9256 487
9743 64
9807 119
8494 1495
6573 3624
28 456
10197 484
6906 3791
10681 471
84 32
11152 116
11152 209
11361 167
89 725
11528 814
10681 1817
487 431
12498 918
6 150
13416 156
6955 6773
13728 387
7449 7435
14884 64
47 86
14948 133
15081 49
23 185
15130 208
15081 741
15822 16
92 520
15838 612
16450 156
16450 219
16606 387
1410 3
16993 1413
18406 64
18470 119
18470 133
18589 63
18652 208
18603 741
19344 16
19360 124
19484 89
18470 1123
18652 1040
19573 133
19692 63
19344 471
19593 431
20024 167
20191 219
18603 1844
19815 702
20447 471
20918 209
456 8
21127 464
21591 156
21747 387
1411 494
22134 1905
520 66
24039 586
269 248
24625 517
63 64
25142 127
25269 387
14948 11268
1411 520
26216 1931
1040 63
28147 1103
22 494
29250 516
3791 814
4605 20
29766 4625
2820 702
34391 3522
34391 4625
39016 39016
29766 456
30222 23
78032 30245
108277 64
108277 84
108341 133
108474 49
108523 208
108474 741
109215 16
109215 471
109686 209
109895 167
110062 219
1970 1594
110281 3564
113845 64
113909 1
113909 119
114028 63
114091 208
114299 484
114783 16
113845 1139
114984 156
156 167
115140 323
115140 387
115463 167
1202 1186
115630 2388
1394 66
118018 1460
28 1202
119478 1230
120708 387
1040 1024
121095 2064
123159 3522
123159 4625
487 456
127784 943
128727 3522
128727 4625
1817 494
133352 2311
135663 64
135663 84
135727 119
135846 63
135909 208
494 6
136117 500
192 263
136617 455
137072 209
137281 167
137448 219
3624 3
3627 2
137667 3629
34 1040
141296 1074
494 49
142370 543
586 1905
142913 2491
4625 516
145404 5141
150545 3522
150545 4625
5635 639
155170 6274
161444 99
161543 63
161606 208
161814 484
161814 500
162298 471
162769 209
162978 167
163145 219
163364 3629
166993 1074
168067 543
168610 2491
171101 5141
176242 3522
176242 4625
34391 92
34483 1202
180867 35685
26216 1020
27236 150
216552 27386
943 4625
243938 5568
20024 99
20123 6
249506 20129
269635 5568
165 1620
275203 1785
276988 119
276988 133
277107 63
277170 208
277121 741
2725 1970
277862 4695
282557 1074
282557 1230
283631 543
284174 2491
2311 1024
286665 3335
185 12
290000 197
290197 49
290246 208
290197 741
290938 471
291409 209
290000 1785
286665 5141
291785 219
291806 3522
290938 4695
291806 4625
295633 1074
295633 1230
269635 27386
277121 20129
5141 2491
297250 7632
304882 89
304971 20
12 150
304991 162
305153 208
305361 500
305861 455
306316 209
306525 167
306692 219
304882 3522
306911 3629
310540 1074
310540 1230
311614 543
5141 248
312157 5389
317546 64
317610 119
317546 197
310540 7252
317792 208
1139 25
318000 1164
382 4
319164 386
312157 7632
1905 1024
319789 2929
319550 3629
317743 5568
323179 1074
323179 1230
319789 4625
324253 543
305153 22134
324796 7632
332428 3522
332428 4625
39016 14115
520 63
53131 583
337053 53714
7498 8
7506 2
390767 7508
398275 5568
6709 2033
403843 8742
464 133
412585 597
413182 5568
398275 27386
4605 1123
425661 5728
6865 28
431389 6893
413182 27386
3627 7163
440568 10790
1817 32
451358 1849
12498 494
12992 66
453207 13058
5141 7498
466265 12639
53131 7252
478904 60383
539287 64
539287 84
539351 119
539287 197
92 165
539484 257
539484 741
539741 500
540225 471
539741 1164
540225 4695
6893 2033
544920 8926
553846 323
554169 3522
554169 4625
7706 323
8029 99
558794 8128
7508 5568
566922 13076
5728 8742
579998 14470
431 6
594468 437
14884 23
594905 14907
609812 12639
622451 12639
16993 1024
18017 23
635090 18040
20129 27386
653130 47515
115527 25
115552 12
700645 115564
816209 13076
829285 14907
844192 12639
319789 586
320375 98
856831 320473
1177304 64
1177304 84
1177368 119
1177388 162
53 639
1177550 692
1178242 16
1178242 471
1178713 209
1177304 1785
1178922 386
1178242 4695
1182937 1074
1182937 1230
1184011 543
1184554 7632
1192186 3522
78032 11528
248 63
89560 311
1195708 89871
1285579 5568
1285579 27386
1291147 47515
1338662 115564
1454226 13076
1467302 14907
1312965 4625
1317590 1
1482209 1317591
119 64
2799800 183
2799800 197
2799983 63
2799997 257
2799997 741
2800254 500
2800738 471
2800254 1164
2799800 1785
2801418 386
2800738 4695
2805433 1230
2806663 387
2807050 2491
5719 2944
2809541 8663
2818204 1103
2818204 89871
2908075 5568
2908075 27386
2913643 47515
60383 741
61124 84
2961158 61208
3022366 20
3022366 119
3022386 162
3022548 208
3022548 692
3022756 500
3023240 471
3022756 1164
5568 64
3023920 5632
3029552 2491
3029552 7632
13058 116
3037184 13174
3050358 84
3050358 183
3050442 162
1074 89
3050604 1163
3051767 209
3050358 1785
3051976 386
3052362 3629
3055991 1074
3055991 1230
3051976 5632
3057608 2491
3057608 7632
2961158 115564
3076722 13076
3089798 14907
3104705 12639
13174 47
13221 12
3117344 13233
3130577 27386
520 150
3157963 670
3158633 5568
19360 99
3164201 19459
3158633 27386
3164201 47515
89871 8869
98740 1844
3211716 100584
3312300 14907
3211716 115564
10197 1608
3327280 11805
3327207 12639
3327280 13076
3340356 14907
3355263 12639
168610 1410
170020 318
3367902 170338
3538240 64
3538240 84
3538240 183
185 86
3538423 271
3538694 484
3538694 500
3539178 471
3538694 1164
3539858 386
3539178 4695
3543873 1074
3543873 1230
3539858 5632
3545490 7632
3553122 3522
3553122 4625
3556644 89871
47515 5568
3646515 53083
3699598 115564
3815162 13076
14470 13076
3828238 27546
121095 124
121219 99
3855784 121318
98740 1495
100235 188
3977102 100423
121318 741
122059 20
4077525 122079
297250 3522
300772 95
4199604 300867
4500471 20
4500471 119
4500471 133
4500590 271
4500604 741
4500861 500
4501345 471
4500861 1164
4502025 386
4501345 4695
4506040 1230
4502025 5632
4507657 7632
4515289 4625
53083 35685
4519914 88768
4608682 5568
4608682 27386
4608682 53083
53714 63
4661765 53777
4661765 115564
4777329 13076
4790405 14907
291785 216552
4805312 508337
5313649 64
5313649 84
5313649 183
5313733 162
5313895 692
5313895 1163
5315058 209
5313649 1785
5315267 386
5314587 4695
5319282 1074
5319282 1230
2064 814
5320512 2878
5323390 5141
5323390 8663
5328531 4625
5332053 89871
5421924 5568
5421924 27386
5421924 53083
5475007 115564
8926 15
8941 86
5590571 9027
5590571 13076
5603647 14907
5603647 27546
180867 2929
183796 7111
5631193 190907
19573 8483
5822100 28056
2460 318
5850156 2778
190907 741
191648 20
5852934 191668
6044602 28056
6072658 28056
216552 12498
229050 8274
6100714 237324
150545 2365
152910 3
6338038 152913
61208 6773
67981 1608
6490951 69589
6560540 28056
176242 1704
177946 1594
6588596 179540
6768136 84
6768136 183
6768136 197
6768220 162
6768382 1163
6769545 209
6768136 1785
6769754 386
6770140 3629
6773769 1074
6773769 1230
6769754 5632
6774999 2878
6775386 7632
6777877 8663
6783018 4625
6786540 89871
6876411 5568
6876411 27386
6876411 53083
142913 484
143397 150
6929494 143547
216552 3564
220116 7048
7073041 227164
53 7163
7300205 7216
237324 4605
241929 1413
7307421 243342
390767 2064
392831 1844
7550763 394675
89871 516
90387 2820
7945438 93207
297021 283
8038645 297304
8335949 28056
93207 394675
8364005 487882
700645 15338
715983 64
8851887 716047
243342 2778
9567934 246120
814 3624
9814054 4438
9818492 487882
320473 386
320859 63
10306374 320922
635090 5635
640725 520
10627296 641245
716047 93207
3335 653
809254 3988
11268541 813242
813242 641245
12081783 1454487
1482209 154067
22 702
1636276 724
13536270 1637000
15173270 64
15173270 84
15173270 197
15173354 162
15173467 257
15173467 741
15173724 500
15173516 1163
15173724 1164
15174888 386
15174208 4695
15178903 1074
15178903 1230
15174888 5632
15180133 2878
15180520 7632
89871 3522
15188152 93393
15281545 5568
15281545 27386
15281545 53083
15334628 115564
15450192 13076
15334628 143547
15463268 27546
53131 168610
15490814 221741
394675 243342
15712555 638017
813242 809254
16350572 1622496
114028 108474
17973068 222502
18195570 28056
18223626 487882
246120 716047
18711508 962167
19673675 813242
20486917 1454487
8364005 39016
1411 702
8403021 2113
21941404 8405134
67981 110281
30346538 178262
30524800 133
30524933 257
30524933 741
30525190 500
30525674 471
30525190 1164
30526354 167
30526354 386
4605 98
30526740 4703
30531443 156
30526354 5632
30531599 2878
30531986 7632
30534477 8663
30539618 4625
30539618 93393
30633011 5568
115564 47515
30638579 163079
30801658 13076
30814734 27546
30842280 221741
31064021 638017
31702038 1622496
33324534 222502
33547036 28056
1637000 622451
2365 1475
2259451 3840
33575092 2263291
962167 4703
192 49
966870 241
35838383 967111
36805494 64
36805494 84
36805494 183
36805578 162
36805677 271
36805740 692
36805948 500
36805948 1164
36805494 1785
36807112 386
36807498 4703
36807112 5632
36812744 7632
36820376 3522
36820376 4625
88768 27386
36825001 116154
25656 41
36941155 25697
36966852 115564
37082416 13076
36966852 143547
35838383 1454487
47515 2388
49903 2006
37292870 51909
37344779 638017
222502 1622496
37982796 1844998
39827794 28056
39855850 487882
40343732 962167
1454487 813242
41305899 2267729
37292870 8405134
43573628 8405134
8851887 216552
2006 263
9068439 2269
51978762 9070708
6100714 179764
248 32
6280478 280
61049470 6280758
67330228 6280758
5631193 116154
5747347 156
73610986 5747503
79358489 64
79358489 183
79358489 197
79358672 63
79358672 271
79358686 741
79358735 1163
79358943 1164
3335 1910
79360107 5245
79365352 2878
79368230 5141
79373371 4625
79373371 93393
53083 115564
79466764 168647
79635411 13076
79648487 14907
79648487 27546
638017 221741
79676033 859758
80535791 1844998
82380789 28056
82408845 487882
82896727 962167
83858894 2267729
86126623 8405134
10306374 300867
162 3029
10607241 3191
94531757 10610432
105142189 64
105142189 84
105142189 183
105142372 271
105142643 484
105142643 500
105143127 471
105142643 1164
105143807 386
105143127 4695
105144193 4703
105143807 5245
105143807 5632
105149052 2878
105151930 8663
89871 5568
105160593 95439
105256032 47515
105256032 163079
105419111 13076
105432187 27546
105459733 221741
1622496 638017
105681474 2260513
107941987 222502
108164489 28056
108192545 487882
108680427 962167
237324 1894
239218 1411
109642594 240629
108192545 2263291
109642594 2267729
109883223 6280758
16350572 653130
5635 16
17003702 5651
116163981 17009353
133173334 197
133173531 49
133173531 257
133173788 500
133173580 1163
133173788 1164
133173334 1785
133174952 386
133175338 4703
133174952 5245
133174952 5632
133180197 2878
133180584 7632
133183075 8663
133191738 95439
13076 8742
133287177 21818
133287177 47515
133287177 163079
133450256 13076
133334692 143547
133463332 27546
133490878 221741
133490878 859758
1312965 597
1313562 2725
134350636 1316287
133712619 2260513
134350636 1844998
136195634 28056
136223690 487882
136711572 962167
136223690 2263291
4805312 478904
1202 63
5284216 1265
138486981 5285481
143772462 197
143772659 49
143772659 257
143772916 500
143772708 1163
143772462 1785
143774247 219
143774466 3629
143778095 1230
143779325 387
143779325 2878
143779712 7632
143782203 8663
143787344 4625
143791969 116154
143908123 25697
143933820 115564
143933820 143547
7216 227164
144077367 234380
144311747 638017
144311747 2260513
243342 7216
146572260 250558
146822818 487882
1317591 7632
1325223 8
147310700 1325231
148635931 84
148635931 183
148635931 197
148636015 162
148636128 741
148636869 16
494 170
148636885 664
148635931 1785
148637549 386
148636869 4695
148637549 5245
148637549 5632
148642794 2878
148643181 7632
148645672 8663
148650813 4625
148650813 93393
148654335 95439
148744206 53083
148744206 168647
148912853 13076
148797289 143547
148925929 27546
146822818 2263291
148940836 234380
148953475 859758
149086109 1454487
149813233 1844998
487882 28056
151658231 515938
337053 2944
339997 20
152174169 340017
152514186 84
152514186 183
152514186 197
152514270 162
152514383 741
152514432 1163
152514186 1785
152515971 219
152515124 4695
152516190 4703
152519819 1230
152520893 543
152521436 7632
152529068 3522
152529068 4625
152533693 116154
152649847 25697
152675544 115564
152791108 13076
152675544 143547
152174169 962167
554169 597
554766 386
153136336 555152
153136336 813242
153691488 1622496
153691488 1844998
155313984 250558
155536486 515938
150540596 8405134
335950 209
336159 431
158945730 336590
4199604 191668
437 24039
4391272 24476
159282320 4415748
110281 197
110478 653
163698068 111131
159282320 8405134
6588596 21127
3 16
6609723 19
167687454 6609742
4805312 53777
3988 386
4859089 4374
4863463 6
174297196 4863469
174297196 6280758
2267729 191668
1413 156
2459397 1569
180577954 2460966
1454487 7216
1461703 53
183038920 1461756
179160665 6280758
183038920 6280758
21941404 1195708
69589 5389
23137112 74978
23212090 53
189319678 23212143
10306374 282557
10588931 10197
212531821 10599128
223130949 4863469
3855784 2878
3858662 19593
227994418 3878255
1637000 168647
1805647 16669
231872673 1822316
233694989 20
233694989 133
233695009 162
233695122 741
233695863 16
233695171 1163
233695879 664
233696543 167
233695863 4695
233700558 1074
233696543 5245
233701788 2878
233704666 5141
233704666 8663
233709807 4625
233709807 93393
233713329 95439
233714432 116154
143547 10790
233830586 154337
233984923 14907
233984923 27546
234012469 859758
234872227 1622496
234872227 1844998
236494723 250558
236717225 515938
237233163 962167
119478 219
119697 494
238195330 120191
236745281 2263291
238195330 2267729
238315521 10599128
10306374 269635
3029 119
10576009 3148
10579157 6
248914649 10579163
259493812 64
259493812 197
259494009 49
259494009 257
259494009 741
259494266 500
259494058 1163
259494266 1164
259493812 1785
259494750 4695
259499445 1074
259495430 5245
259495430 5632
259500675 2878
259501062 7632
259508694 4625
259508694 93393
259602087 5568
259513319 116154
259602087 168647
597 27386
259770734 27983
259798717 12639
259798717 234380
544920 2725
547645 2006
260033097 549651
260582748 64
260582748 84
260582748 183
260582748 197
260582832 162
260582931 271
260582945 741
260582994 1163
260583202 1164
260584366 386
260584752 4703
260584366 5245
260584366 5632
260589998 7632
260597630 3522
260597630 4625
260597630 93393
260601152 95439
260602255 116154
260691023 53083
260744106 143547
260887653 12639
260887653 234380
260900292 859758
260033097 2260513
262293610 222502
262293610 250558
262516112 515938
261122033 2260513
261760050 1844998
263032050 962167
263605048 515938
95439 1164
96603 2070
264120986 98673
262544168 2263291
264120986 962167
1195708 61208
6274 323
1256916 6597
265083153 1263513
265083153 2267729
264219659 6280758
4077525 88768
52 318
4166293 370
270500417 4166663
267350882 8405134
266346666 10599128
276945794 4863469
281809263 3878255
4199604 128727
1495 1202
4328331 2697
285687518 4331028
281809263 10599128
285687518 10599128
290018546 6280758
292408391 4863469
116154 34
116188 192
297271860 116380
15490814 171101
1413 1844
15661915 3257
297388240 15665172
23212143 2460966
123159 725
25673109 123884
25796993 1894
313053412 25798887
967111 121318
487 20
1088429 507
338852299 1088936
23212143 1461703
24673846 20918
339941235 24694764
1844998 340017
39016 8128
2185015 47144
2232159 99
364635999 2232258
4703 155170
366868257 159873
367028130 84
367028130 183
367028130 197
367028214 162
702 6
367028376 708
367028130 1785
2725 1123
367029915 3848
367033763 1074
367033763 1230
367034837 543
367034993 2878
367035380 7632
367037871 8663
367043012 4625
367046534 95439
367047637 116154
367141973 47515
367141973 163079
367163791 154337
367189488 143547
367318128 27546
367333035 234380
1844998 638017
367567415 2483015
370050430 515938
370566368 962167
371528535 2267729
366868257 10599128
373796264 8405134
377467385 4863469
382330854 3878255
366868257 25798887
4863469 22134
97 20
4885603 117
392667144 4885720
377467385 25798887
403266272 1088936
404355208 4863469
386209109 25798887
409218677 3878255
31702038 1482209
100584 2944
33184247 103528
33287775 1910
413096932 33289685
45698004 1088936
15081 97
46786940 15178
446386617 46802118
493188735 1088936
5852934 69589
1020 248
5922523 1268
494277671 5923791
500201462 10599128
510800590 4863469
515664059 3878255
494277671 25798887
520076558 1088936
79466764 90387
323 85
79557151 408
521165494 79557559
600723053 25798887
626521940 1088936
105681474 716047
47515 283
106397521 47798
106445319 63
627610876 106445382
