3025
1 1
2 2
4 4
8 8
16 16
32 32
64 64
128 128
256 256
512 512
1024 1024
2048 2048
4096 4096
8192 8192
16384 16384
32768 32768
32768 16384
8192 4096
2048 1024
64 8
4 2
49152 12288
3072 72
6 1
61440 3144
64584 7
65536 64591
130127 130127
32768 12288
256 128
32 7
45056 384
39 8
45440 47
260254 45487
65536 16384
2048 128
72 32
81920 2176
84096 104
305741 84200
130127 16384
2176 512
256 47
146511 2688
303 6
149199 309
389941 149508
539449 539449
16384 4096
2048 39
20480 2087
22567 2
1078898 22569
305741 1024
384 32
2 1
306765 416
307181 3
1101467 307184
539449 130127
1024 416
47 3
669576 1440
50 2
671016 52
1408651 671068
1408651 84200
4096 512
3 72
1492851 4608
1497459 75
2079719 1497534
671068 149508
49152 4608
2688 128
64 32
820576 53760
2816 96
874336 2912
3577253 877248
149508 65536
4608 3144
50 104
215044 7752
222796 154
4454501 222950
539449 45487
2176 50
584936 2226
587162 8
4677451 587170
1101467 149508
22569 2688
52 72
1250975 25257
1276232 124
5264621 1276356
1078898 4608
52 2048
1083506 2100
6540977 1085606
2079719 84200
16384 512
416 3
2163919 16896
419 64
2180815 483
7626583 2181298
32768 4608
154 75
7 8
37376 229
37605 15
9807881 37620
671068 130127
12288 1024
154 1
801195 13312
814507 155
9845501 814662
671068 84200
1024 256
3 39
755268 1280
756548 42
10660163 756590
37620 2226
128 6
39846 134
39980 8
11416753 39988
84200 45056
16 8
129256 24
129280 2
11456741 129282
149508 25257
309 52
174765 361
175126 8
11586023 175134
1408651 53760
1440 52
1462411 1492
1463903 7
11761157 1463910
149508 13312
50 512
162820 562
13225067 163382
53760 24
53784 4
13388449 53788
307184 32768
1492 2100
339952 3592
13442237 343544
671068 25257
4096 104
7 4
696325 4200
700525 11
13785781 700536
2181298 587170
39988 1280
104 6
2768468 41268
2809736 110
14486317 2809846
877248 110
877358 129256
17296163 1006614
700536 12288
562 32
712824 594
713418 8
18302777 713426
307184 8192
2226 52
315376 2278
317654 256
19016203 317910
3592 32
3624 16
19334113 3640
222950 13312
1492 110
236262 1602
237864 416
19337753 238280
1497534 175134
4608 2176
1672668 6784
1679452 72
19576033 1679524
3577253 149508
104 1
3726761 105
21255557 3726866
163382 4608
11 419
167990 430
24982423 168420
539449 37620
1280 52
577069 1332
578401 39
25150843 578440
1679524 25257
4608 1492
32 1
1704781 6100
1710881 33
25729283 1710914
343544 25257
4608 154
368801 4762
373563 3
27440197 373566
260254 8192
2100 32
268446 2132
270578 8
27813763 270586
389941 53788
2912 104
443729 3016
446745 39
28084349 446784
587170 41268
309 24
3 2
628438 333
628771 5
28531133 628776
149508 8192
32 2
157700 34
29159909 157734
64591 594
7 256
65185 263
29317643 65448
389941 32768
1332 39
422709 1371
424080 6
29383091 424086
45056 229
45285 47
29807177 45332
2181298 343544
8192 594
155 39
2524842 8786
2533628 194
29852509 2533822
22569 194
22763 483
32386331 23246
539449 16896
39 3072
556345 3111
32409577 559456
1679524 16896
42 512
1696420 554
32969033 1696974
1710914 84200
16896 1602
1795114 18498
1813612 64
34666007 1813676
446784 41268
1024 128
488052 1152
489204 64
36479683 489268
489268 13312
110 8
502580 118
36968951 502698
1813676 260254
2816 24
2073930 2840
2076770 4
37471649 2076774
756590 16896
483 309
773486 792
39548423 774278
1276356 25257
6784 47
1301613 6831
1308444 384
40322701 1308828
1813676 16896
1280 32
1830572 1312
1831884 16
41631529 1831900
84200 41268
594 256
125468 850
43463429 126318
587170 25257
416 47
612427 463
43589747 612890
1408651 8786
105 2688
1417437 2793
44202637 1420230
1710914 45487
850 105
1756401 955
1757356 24
45622867 1757380
65536 6831
594 47
72367 641
73008 72
47380247 73080
41268 3016
6 16
44284 22
47453327 44306
8786 554
9340 134
47497633 9474
578440 6100
194 128
584540 322
47507107 584862
175134 8192
42 50
183326 92
48091969 183418
559456 792
560248 4
48275387 560252
424086 8786
6 256
432872 262
48835639 433134
820576 16384
42 256
836960 298
49268773 837258
183418 9474
1602 430
192892 2032
194924 8
50106031 194932
877358 126318
2226 154
1003676 2380
50300963 1006056
1276356 16896
1152 64
1293252 1216
1294468 16
51307019 1294484
1101467 84200
25257 124
1185667 25381
1211048 128
52601503 1211176
713426 13312
594 416
726738 1010
53812679 727748
1006614 16896
1280 50
1023510 1330
54540427 1024840
2809846 502698
1152 2278
3312544 3430
55565267 3315974
628776 32768
2100 64
661544 2164
58881241 663708
433134 42
433176 3072
59544949 436248
502698 3624
506322 16384
59981197 522706
1085606 9474
955 33
1095080 988
60503903 1096068
756590 4762
6 32
761352 38
61599971 761390
1831900 175134
2100 104
2007034 2204
62361361 2009238
53788 4096
47 39
57884 86
64370599 57970
32768 419
33187 7
64428569 33194
2009238 23246
1602 124
2032484 1726
2034210 256
64461763 2034466
84200 23246
562 384
107446 946
66496229 108392
2181298 194932
9474 42
2376230 9516
2385746 124
66604621 2385870
1795114 8786
229 303
1803900 532
68990491 1804432
877358 108392
1152 42
985750 1194
986944 2
70794923 986946
317910 6831
86 7
324741 93
71781869 324834
727748 8192
24 256
735940 280
72106703 736220
238280 18498
384 24
256778 408
257186 4
72842923 257190
801195 6831
75 303
808026 378
73100113 808404
1831900 25381
3624 47
1857281 3671
73908517 1860952
270586 25381
1332 75
295967 1407
75769469 297374
343544 3016
346560 430
76066843 346990
389941 12288
11 104
402229 115
76413833 402344
1704781 4762
1216 3
1709543 1219
76816177 1710762
2533822 175134
7752 154
2708956 7906
2716862 52
78526939 2716914
774278 23246
32 4
797524 36
81243853 797560
22763 5
22768 128
82041413 22896
577069 33
577102 416
82064309 577518
222950 12288
512 32
235238 544
82641827 235782
1024840 44306
1069146 1602
82877609 1070748
149508 6100
155608 1024
83948357 156632
183418 1440
184858 104
84104989 184962
260254 4762
128 8
265016 136
84289951 265152
194932 13312
36 256
208244 292
84555103 208536
402344 4762
36 850
407106 886
84763639 407992
560252 124
560376 96
85171631 560472
73080 4762
194 16
77842 210
78052 2
85732103 78054
317910 1492
319402 512
85810157 319914
175134 262
175396 850
86130071 176246
532 53784
86306317 54316
324834 13312
338146 32
86360633 338178
1101467 6831
641 47
1108298 688
1108986 72
86698811 1109058
222950 988
223938 2912
87807869 226850
149508 1602
151110 4200
88034719 155310
837258 1010
838268 6100
88190029 844368
1679524 3430
1682954 1010
89034397 1683964
1276356 9516
1285872 2688
90718361 1288560
2079719 54316
955 8
2134035 963
92006921 2134998
877358 8192
154 96
885550 250
94141919 885800
1860952 49152
3144 256
1910104 3400
1913504 16
95027719 1913520
1109058 25381
4762 886
1134439 5648
1140087 33
96941239 1140120
108392 3592
111984 3144
98081359 115128
885800 54316
955 3
940116 958
98196487 941074
2181298 115128
9516 110
2296426 9626
2306052 416
99137561 2306468
108392 3430
32 16
111822 48
101444029 111870
1831900 16896
850 64
1848796 914
101555899 1849710
663708 24
103405609 663732
37620 1726
39346 50
104069341 39396
54316 50
54366 3144
104108737 57510
16896 104
17000 2
104166247 17002
2306468 13312
2319780 53760
104183249 2373540
324834 1492
326326 2816
106556789 329142
346990 17002
792 118
363992 910
106885931 364902
2385870 9626
134 416
2395496 550
107250833 2396046
48 584862
109646879 584910
1101467 6100
1107567 303
110231789 1107870
407992 8786
416778 1332
111339659 418110
628776 17002
96 4
645778 100
111757769 645878
1417437 1492
1418929 303
112403647 1419232
17002 118
17120 1152
113822879 18272
346990 13312
2688 50
360302 2738
363040 6
113841151 363046
628438 263
628701 39
114204197 628740
2533822 84200
1371 39
2618022 1410
114832937 2619432
326326 544
117452369 326870
1913520 78054
1602 64
1991574 1666
1993240 2
117779239 1993242
22 2840
119772481 2862
18498 963
19461 955
119775343 20416
628776 13312
250 532
642088 782
119795759 642870
1860952 38
1860990 554
120438629 1861544
1408651 4762
33 512
1413413 545
122300173 1413958
1813676 4200
1817876 154
123714131 1818030
389941 1330
391271 309
125532161 391580
297374 6831
886 15
304205 901
125923741 305106
3315974 298
3316272 3592
126228847 3319864
9626 1216
10842 1280
129548711 12122
820576 24
820600 4608
129560833 825208
756590 914
757504 194
130386041 757698
2524842 136
2524978 6100
131143739 2531078
297374 550
297924 1492
133674817 299416
560472 92
560564 4096
133974233 564660
2009238 13312
688 430
2022550 1118
134538893 2023668
2809846 194932
946 8786
3004778 9732
136562561 3014510
130127 33
130160 2816
139577071 132976
84200 13312
3016 16
97512 3032
139710047 100544
391580 3624
395204 104
139810591 395308
57884 2380
140205899 60264
578440 361
578801 303
140266163 579104
941074 32768
6 64
973842 70
140845267 973912
37620 946
38566 194
141819179 38760
757698 424086
141857939 1181784
2319780 41268
688 554
2361048 1242
143039723 2362290
1420230 22896
136 118
1443126 254
145402013 1443380
257190 1602
258792 384
146845393 259176
100544 3671
104215 303
147104569 104518
41268 2278
43546 16
147209087 43562
18498 700536
147252649 719034
1185667 13312
5 512
1198979 517
147971683 1199496
4677451 395308
2912 24
5072759 2936
5075695 3
149171179 5075698
2079719 10842
1152 39
2090561 1191
154246877 2091752
671068 4608
104 4
675676 108
156338629 675784
3014510 25381
6784 419
3039891 7203
157014413 3047094
973912 2380
256 2
976292 258
160061507 976550
1308828 61440
1726 38
1370268 1764
161038057 1372032
194932 6100
201032 1492
162410089 202524
696325 194
696519 309
162612613 696828
1085606 15
1085621 47
163309441 1085668
368801 1191
369992 3400
164395109 373392
61440 263
61703 229
164768501 61932
1757380 8786
11 229
1766166 240
164830433 1766406
1101467 554
1102021 361
166596839 1102382
675784 850
676634 8786
167699221 685420
976550 544
977094 36
168384641 977130
2091752 25381
115 38
2117133 153
169361771 2117286
1861544 33194
229 39
1894738 268
171479057 1895006
2385870 3111
2388981 309
173374063 2389290
433176 236262
175763353 669438
1308828 37620
50 8
1346448 58
176432791 1346506
424086 430
424516 16
177779297 424532
825208 9732
416 64
834940 480
178203829 835420
298 562
179039249 860
25381 4762
309 512
30143 821
179040109 30964
324834 594
325428 512
179071073 325940
2319780 20480
988 792
2340260 1780
179397013 2342040
1024840 30964
15 47
1055804 62
181739053 1055866
3319864 192892
361 15
3512756 376
182794919 3513132
373566 13312
1216 1152
386878 2368
186308051 389246
671068 3430
674498 22
186697297 674520
774278 13312
2226 384
787590 2610
187371817 790200
157734 61440
188162017 219174
176246 4762
430 24
181008 454
188381191 181462
270578 175126
188562653 445704
885800 44284
930084 8192
189008357 938276
146511 419
146930 128
189946633 147058
2181298 65536
3624 154
2246834 3778
190093691 2250612
104518 1666
106184 262
192344303 106446
157734 2862
42 2
160596 44
192450749 160640
181008 134
181142 8
192611389 181150
2306468 5648
2312116 22
192792539 2312138
3016 149508
195104677 152524
13312 1726
15038 42
195257201 15080
2816 50
195272281 2866
1497534 110
1497644 129256
195275147 1626900
736220 1312
737532 3624
196902047 741156
104518 594
105112 562
197643203 105674
1250975 8786
134 229
1259761 363
197748877 1260124
844368 9732
854100 8192
199009001 862292
2117286 3430
2120716 4608
199871293 2125324
360302 1118
361420 430
201996617 361850
506322 2936
509258 2032
202358467 511290
860 226850
202869757 227710
307184 988
308172 50
203097467 308222
2073930 2688
2076618 16
203405689 2076634
258792 52
258844 104
205482323 258948
854100 262
854362 3640
205741271 858002
539449 15080
988 309
554529 1297
206599273 555826
424532 2278
426810 512
207155099 427322
2181298 10842
946 154
2192140 1100
207582421 2193240
506322 463
506785 303
209775661 507088
183418 322
183740 154
210282749 183894
612890 9340
52 64
622230 116
210466643 622346
270586 454
271040 12122
211088989 283162
176246 250
176496 1602
211372151 178098
33194 48
33242 958
211550249 34200
1419232 50
1419282 72
211584449 1419354
1766406 25381
1118 3
1791787 1121
213003803 1792908
308222 1410
309632 100
214796711 309732
1140120 6100
134 512
1146220 646
215106443 1146866
33194 154
216253309 33348
1308444 15
1308459 303
216286657 1308762
184962 257190
217595419 442152
36 73080
218037571 73116
219174 2048
221222 8
218110687 221230
941074 13312
1280 154
954386 1434
218331917 955820
1370268 1069146
219287737 2439414
1679524 309
1679833 303
221727151 1680136
271040 5648
276688 32
223407287 276720
1006614 7906
1014520 50
223684007 1014570
238280 1780
240060 2840
224698577 242900
1260124 8786
263 7
1268910 270
224941477 1269180
2380 96
226210657 2476
168420 6100
72 2
174520 74
226213133 174594
155608 463
156071 309
226387727 156380
511290 408
511698 1602
226544107 513300
3319864 108392
2204 256
3428256 2460
227057407 3430716
442152 262
442414 134
230488123 442548
1372032 16384
463 7
1388416 470
230930671 1388886
1140120 1194
1141314 1216
232319557 1142530
1109058 18498
562 134
1127556 696
233462087 1128252
433176 280
433456 262
234590339 433718
3577253 84200
1764 75
3661453 1839
235024057 3663292
215044 2226
217270 64
238687349 217334
373566 7752
42 96
381318 138
238904683 381456
587170 1010
588180 72
239286139 588252
628438 154
628592 4
239874391 628596
192892 408
193300 1332
240502987 194632
1146866 20480
5 333
1167346 338
240697619 1167684
111984 34
112018 2048
241865303 114066
1134439 39
1134478 16
241979369 1134494
368801 22567
243113863 391368
1497644 100544
1598188 1332
243505231 1599520
588252 48
588300 22896
245104751 611196
373566 2100
375666 384
245715947 376050
106184 299416
246091997 405600
622346 1602
623948 6
246497597 623954
1301613 2032
1303645 2793
247121551 1306438
3513132 1242
3514374 16896
248427989 3531270
132976 9732
298 72
142708 370
251959259 143078
183418 44306
252102337 227724
727748 1410
729158 2132
252330061 731290
3047094 84200
7906 194
3131294 8100
3139394 52
253061351 3139446
1497644 37376
42 124
1535020 166
256200797 1535186
761390 7203
419 104
768593 523
257735983 769116
132976 64
133040 2
258505099 133042
787590 36
258638141 787626
844368 2132
846500 124
259425767 846624
1211176 13312
1152 16
1224488 1168
260272391 1225656
1199496 48
1199544 8786
261498047 1208330
54366 688
55054 1332
262706377 56386
283162 8100
291262 554
262762763 291816
1710914 15080
1725994 886
263054579 1726880
1109058 9732
782 8
1118790 790
264781459 1119580
37620 562
38182 52
265901039 38234
178098 34
178132 2816
265939273 180948
446784 17002
463786 1152
266120221 464938
381456 2100
383556 2
266585159 383558
522706 10842
11 303
533548 314
266968717 533862
2134998 25381
3032 24
2160379 3056
2163435 3
267502579 2163438
1679452 64
1679516 4
269666017 1679520
1443380 13312
1010 8
1456692 1018
271345537 1457710
676634 2840
679474 2048
272803247 681522
1109058 376
1109434 9340
273484769 1118774
930084 1194
931278 16
274603543 931294
3726866 422709
75 52
4149575 127
275534837 4149702
731290 339952
279684539 1071242
790200 1100
791300 958
280755781 792258
1443380 322
1443702 1602
281548039 1445304
124 8192
282993343 8316
308222 1413958
283001659 1722180
446784 10842
562 42
457626 604
284723839 458230
309732 1242
310974 1410
285182069 312384
489268 2380
491648 3016
285494453 494664
183894 33
183927 303
285989117 184230
3014510 8316
3022826 166
286173347 3022992
430 2181298
289196339 2181728
54366 850
291378067 55216
65536 4608
72 4
70144 76
291433283 70220
1913520 72367
75 8
1985887 83
291503503 1985970
1857281 104
1857385 39
293489473 1857424
376050 862292
295346897 1238342
940116 688
296585239 940804
1308828 4200
33 303
1313028 336
297526043 1313364
364902 361
365263 2087
298839407 367350
464938 18498
554 384
483436 938
299206757 484374
671068 2032
673100 1332
299691131 674432
539449 9340
548789 5
300365563 548794
1146866 17002
1163868 408
300914357 1164276
160640 154
160794 32
302078633 160826
222950 554
223504 416
302239459 223920
1726880 118
1726998 16896
302463379 1743894
1102382 3032
1105414 1332
304207273 1106746
346990 292
347282 3430
305314019 350712
3022992 57510
305664731 3080502
265152 75
265227 2087
308745233 267314
1285872 550
1286422 1194
309012547 1287616
184962 860
185822 3624
310300163 189446
1388886 110
1388996 2176
310489609 1391172
223938 2164
226102 50
311880781 226152
111870 522706
312106933 634576
1185667 2204
1187871 2793
312741509 1190664
1743894 62
1743956 6100
313932173 1750056
1391172 38
1391210 1152
315682229 1392362
532 317910
317074591 318442
700536 8786
322 32
709322 354
317393033 709676
56386 149508
318102709 205894
157734 2226
159960 96
318308603 160056
489268 6
489274 8
318468659 489282
4149702 208536
5648 298
4358238 5946
4364184 2
318957941 4364186
2619432 34200
2226 64
2653632 2290
323322127 2655922
105112 322
105434 4
325978049 105438
240060 1492
241552 154
326083487 241706
175134 154
326325193 175288
326326 298
326624 64
326500481 326688
3139446 115128
8786 32
3254574 8818
3263392 8
326827169 3263400
489274 1535020
330090569 2024294
579104 641
579745 303
332114863 580048
339952 378
340330 50
332694911 340380
168420 322
168742 2816
333035291 171558
700536 1410
701946 2912
333206849 704858
133042 5648
333911707 138690
25381 4200
118 155
29581 273
334050397 29854
276720 2738
279458 2164
334080251 281622
279458 346990
334361873 626448
2134998 8100
2143098 3144
334988321 2146242
2091752 270
2092022 22768
337134563 2114790
1146866 3671
1150537 641
339249353 1151178
407992 124
408116 64
340400531 408180
4149702 167990
4317692 2100
340808711 4319792
3726866 185822
782 124
3912688 906
345128503 3913594
1535186 41268
430 72
1576454 502
349042097 1576956
931294 34
931328 1332
350619053 932660
885800 2368
888168 13312
351551713 901480
579104 333
579437 7
352453193 579444
1913520 57970
1971490 1330
353032637 1972820
564660 4200
568860 124
355005457 568984
1194 700536
355574441 701730
189446 1010
190456 2
356276171 190458
39988 532
40520 594
356466629 41114
2193240 33194
2226434 13312
356507743 2239746
955820 38
955858 594
358747489 956452
1071242 1492
1072734 32
359703941 1072766
2181728 4200
2185928 1024
360776707 2186952
489268 3072
362963659 492340
54316 298
363455999 54614
774278 12122
64 4
786400 68
363510613 786468
23246 1010
24256 6
364297081 24262
446784 2460
449244 2862
364321343 452106
2250612 254
2250866 3624
364773449 2254490
350712 2936
353648 322
367027939 353970
18498 298
18796 2
367381909 18798
986946 3640
990586 4200
367400707 994786
226850 1463910
368395493 1690760
674432 544
370086253 674976
168742 837258
370761229 1006000
106184 256
371767229 106440
626448 512
371873669 626960
1861544 30143
309 8
1891687 317
372500629 1892004
1024840 688
1025528 32
374392633 1025560
1096068 3072
1099140 8
375418193 1099148
84200 12122
16 4
96322 20
376517341 96342
2439414 2164
2441578 1602
376613683 2443180
1576956 3430
1580386 16384
379056863 1596770
2809846 53788
128 32
2863634 160
380653633 2863794
149508 36
149544 1152
383517427 150696
329142 1602
330744 256
383668123 331000
1690760 442414
383999123 2133174
38234 104
38338 2
386132297 38340
1288560 416
1288976 16
386170637 1288992
176496 1285872
387459629 1462368
68 265152
388921997 265220
604 268446
389187217 269050
149544 696
389456267 150240
150696 217334
389606507 368030
3047094 25381
1410 309
3072475 1719
389974537 3074194
4149702 25381
1312 1371
4175083 2683
393048731 4177766
1167346 210
397226497 1167556
2163919 2278
2166197 39
398394053 2166236
133042 322
133364 8
400560289 133372
956452 1726
958178 2380
400693661 960558
408180 622230
401654219 1030410
312384 292
312676 2132
402684629 314808
1164276 38
1164314 1330
402999437 1165644
604 208244
404165081 208848
223938 792
224730 194
404373929 224924
1626900 30143
110 483
1657043 593
404598853 1657636
1535186 39396
1574582 96
406256489 1574678
178132 378
178510 554
407831167 179064
283162 1440
284602 416
408010231 285018
533862 4762
229 419
538624 648
408295249 539272
168420 53760
408834521 222180
675784 155
675939 483
409056701 676422
45487 550
46037 229
409733123 46266
588300 2840
591140 4608
409779389 595748
4677451 84200
7906 34
4761651 7940
4769591 155
410375137 4769746
325940 3430
415144883 329370
226102 22768
415474253 248870
941074 594
941668 2816
415723123 944484
238280 1010
239290 2
416667607 239292
115128 594
115722 1440
416906899 117162
588300 20416
417024061 608716
171558 229
171787 2087
417632777 173874
361 305741
417806651 306102
326326 64
418112753 326390
57884 1010
418439143 58894
418439143 433456
424532 110
424642 256
418872599 424898
568860 1152
419297497 570012
513300 258
513558 4200
419867509 517758
513558 3016
516574 110
420385267 516684
1312 23246
420901951 24558
1030410 24558
562 24
1054968 586
420926509 1055554
3319864 250
3320114 44284
421982063 3364398
814662 194
814856 52
425346461 814908
1861544 782
1862326 86
426161369 1862412
1497644 1434
1499078 3778
428023781 1502856
1726880 1666
429526637 1728546
5264621 516684
110 229
5781305 339
431255183 5781644
330744 626448
437036827 957192
513558 489204
437994019 1002762
1391172 1860990
438996781 3252162
126318 886
127204 1010
442248943 128214
2166236 2176
2168412 12288
442377157 2180700
938 1497644
444557857 1498582
299416 1010
300426 128
446056439 300554
941668 105
941773 483
446356993 942256
713426 554
713980 3640
447299249 717620
3913594 29854
38 134
3943448 172
448016869 3943620
58894 254
451960489 59148
901480 12288
913768 8
452019637 913776
265152 3144
452933413 268296
578401 419
453201709 578820
955820 81920
453780529 1037740
1167684 910
1168594 6784
454818269 1175378
502698 1010
503708 2278
455993647 505986
364902 96
456499633 364998
25381 2738
28119 7
456864631 28126
350712 155310
456892757 506022
436248 792
437040 128
457398779 437168
175288 336
457835947 175624
2168412 10842
1152 72
2179254 1224
458011571 2180478
376050 584862
460192049 960912
350712 157734
461152961 508446
645878 1666
647544 2048
461661407 649592
946 175134
462310999 176080
1128252 506322
462487079 1634574
1030410 5648
1036058 322
464121653 1036380
2533822 258
2534080 23246
465158033 2557326
931294 642088
467715359 1573382
1072766 298
1073064 3592
469288741 1076656
30143 641
30784 50
470365397 30834
1626900 1224
1628124 2862
470396231 1630986
464938 13312
408 532
478250 940
472027217 479190
309732 72
309804 512
472506407 310316
17120 430
17550 384
472816723 17934
761390 3144
764534 512
472834657 765046
38760 1308444
473599703 1347204
1463910 9340
1473250 110
474946907 1473360
4769746 12122
4781868 42
476420267 4781910
1181784 1069146
481202177 2250930
143078 52
143130 50
483453107 143180
442548 194
442742 52
483596287 442794
464938 280
465218 2380
484039081 467598
49152 154
49306 2048
484506679 51354
1672668 96
1672764 2176
484558033 1674940
1985970 70220
486232973 2056190
10842 208536
488289163 219378
300554 1194
301748 104
488508541 301852
143180 223938
488810393 367118
185822 3016
188838 42
489177511 188880
3943620 641
3944261 2087
489366391 3946348
1003676 696
1004372 1216
493312739 1005588
1913520 24558
6 72
1938078 78
494318327 1938156
2683 65185
496256483 67868
268446 315376
496324351 583822
674498 700536
496908173 1375034
647544 470
648014 1492
498283207 649506
1250975 419
1251394 2816
498932713 1254210
3047094 10842
1216 24
3057936 1240
500186923 3059176
437168 22
437190 2100
503246099 439290
1599520 136
1599656 1332
503685389 1600988
260254 1602
261856 110
505286377 261966
2009238 9516
2018754 384
505548343 2019138
649592 194
507567481 649786
1037740 13312
688 36
1051052 724
508217267 1051776
1600988 3624
1604612 2176
509269043 1606788
24256 673100
510875831 697356
315376 792
316168 124
511573187 316292
1463910 370
1464280 8192
511889479 1472472
1750056 260254
513361951 2010310
994786 2936
515372261 997722
1445304 7940
1453244 250
516369983 1453494
1313364 20480
430 1440
1333844 1870
517823477 1335714
312676 326870
519159191 639546
1722180 265016
519798737 1987196
1078898 1242
1080140 2176
521785933 1082316
152524 1726
154250 262
522868249 154512
2768468 15080
52 416
2783548 468
523022761 2784016
741156 1280
742436 3144
525806777 745580
9516 39988
526552357 49504
960912 42
960954 8192
526601861 969146
373566 105
373671 483
527571007 374154
353970 258
354228 3640
527945161 357868
178510 50
178560 72
528303029 178632
1795114 3144
1798258 4
528481661 1798262
1190664 3111
1193775 309
530279923 1194084
1127556 22
1127578 384
531474007 1127962
248870 7203
22 263
256073 285
532601969 256358
1288992 642088
532858327 1931080
4177766 6100
4183866 128
534789407 4183994
1704781 3400
1708181 115
538973401 1708296
685420 48
685468 9516
540681697 694984
608716 70
541376681 608786
241706 125468
541985467 367174
291816 1152
292968 50
542352641 293018
439290 346560
542645659 785850
117162 48
117210 1312
543431509 118522
1225656 454
1226110 12122
543550031 1238232
1596770 1242
1598012 36
544788263 1598048
269050 946
269996 194
546386311 270190
885550 2816
546656501 888366
913768 2912
547544867 916680
10842 502580
548461547 513422
118522 2793
121315 419
548974969 121734
1167684 408
1168092 34
549096703 1168126
106184 522706
550264829 628890
1347204 194
1347398 16384
550893719 1363782
858002 850
858852 104
552257501 858956
129282 134
129416 64
553116457 129480
65536 1492
67028 134
553245937 67162
22763 65185
553313099 87948
1848796 792
1849588 2
553401047 1849590
2186952 2380
2189332 2032
555250637 2191364
588300 1332
557442001 589632
726738 124
726862 512
558031633 727374
580048 886
580934 2176
558759007 583110
1037740 3144
1040884 512
559342117 1041396
183740 39988
560383513 223728
731290 430
731720 16
560607241 731736
516684 675676
561338977 1192360
149544 509258
562531337 658802
877358 118
877476 1024
563190139 878500
642870 298
643168 416
564068639 643584
2557326 33194
16 2
2590520 18
564712223 2590538
1757380 4608
1761988 8
567302761 1761996
877476 106440
569064757 983916
1420230 2862
1423092 1726
570048673 1424818
38760 111870
571473491 150630
1766406 384
1766790 8
571624121 1766798
2557326 17002
2574328 3072
573390919 2577400
1598048 940116
575968319 2538164
215044 48
215092 792
578506483 215884
150240 217334
578722367 367574
612890 3640
616530 4096
579089941 620626
5264621 361420
268 7
5626041 275
579710567 5626316
2254490 30964
988 92
2285454 1080
585336883 2286534
100544 50
100594 3072
587623417 103666
138690 134
138824 1024
587727083 139848
761390 1602
762992 256
587866931 763248
901480 3056
904536 7752
588630179 912288
81920 384
589542467 82304
121734 2226
123960 256
589624771 124216
1634574 9626
1644200 1726
589748987 1645926
916680 12288
64 2
928968 66
591394913 929034
930084 154
930238 16
592323947 930254
139848 877248
593254201 1017096
3080502 5648
262 22
3086150 284
594271297 3086434
790 201032
597357731 201822
745580 8316
753896 550
597559553 754446
2716914 10842
2727756 408
598313999 2728164
467598 136
467734 2816
601042163 470550
1238342 1666
1240008 4608
601512713 1244616
189446 3016
602757329 192462
1146866 1242
1148108 562
602949791 1148670
402344 2912
405256 2
604098461 405258
960558 611196
604503719 1571754
568860 628776
606075473 1197636
2032 2912
607273109 4944
82304 110
82414 1280
607278053 83694
219378 239292
607361747 458670
4781910 176496
4958406 1118
607820417 4959524
507088 1443380
612779941 1950468
1260124 7752
128 16
1267876 144
614730409 1268020
888366 4762
154 16
893128 170
615998429 893298
2396046 22569
39 128
2418615 167
616891727 2418782
176246 2132
619310509 178378
3263400 4200
3267600 16896
619488887 3284496
326870 168420
622773383 495290
1580386 1018
1581404 3430
623268673 1584834
162820 384
163204 8
624853507 163212
932660 4096
936756 64
625016719 936820
1993242 378
1993620 594
625953539 1994214
1168594 1410
1170004 2912
627947753 1172916
54366 2134998
629120669 2189364
1535186 34
1535220 16896
631310033 1552116
168420 2100
632862149 170520
1766798 20480
280 1726
1787278 2006
633032669 1789284
33194 3592
634821953 36786
105674 183418
634858739 289092
281622 1371
282993 47
635147831 283040
1535220 13312
1332 6
1548532 1338
635430871 1549870
3663292 25381
1764 3
3688673 1767
636980741 3690440
757698 2226
759924 256
640671181 760180
3577253 136
3577389 22569
641431361 3599958
269050 5648
645031319 274698
936820 940
645306017 937760
170520 340380
646243777 510900
820600 2380
822980 4
646754677 822984
408180 3640
411820 2048
647577661 413868
354 1535020
647991529 1535374
227724 1194
228918 2100
649526903 231018
171558 329142
649757921 500700
84200 2816
87016 104
650258621 87120
375666 37620
650345741 413286
100594 1312
650759027 101906
184230 15
184245 309
650860933 184554
188838 18796
651045487 207634
1972820 1434
1974254 6784
651253121 1981038
1055866 298
1056164 9474
653234159 1065638
1056164 6784
1062948 16
654299797 1062964
170520 84096
655362761 254616
2809846 850
2810696 384
655617377 2811080
308222 36
308258 946
658428457 309204
1502856 5946
1508802 76
658737661 1508878
174520 1780
660246539 176300
3430716 41114
3471830 40520
660422839 3512350
649786 2936
652722 1332
663935189 654054
757698 2048
664589243 759746
5781644 375666
6157310 454
665348989 6157764
28126 154
28280 256
671506753 28536
138824 946
139770 52
671535289 139822
663732 3111
666843 419
671675111 667262
765046 34
765080 256
672342373 765336
46266 1332
47598 16
673107709 47614
1895006 2862
1897868 3592
673155323 1901460
463786 104518
675056783 568304
18 292968
675625087 292986
4364186 25381
34 39
4389567 73
675918073 4389640
176300 395308
680307713 571608
433718 808404
680879321 1242122
28536 163204
682121443 191740
193300 1010
194310 128
682313183 194438
354228 160794
682507621 515022
108 642870
683022643 642978
1600988 419
1601407 39
683665621 1601446
319402 124
319526 96
685267067 319622
2863794 36786
50 64
2900580 114
685586689 2900694
39396 1332
688487383 40728
265227 1407
266634 4
688528111 266638
1696974 2866
1699840 3640
688794749 1703480
2768468 6100
2774568 430
690498229 2774998
3364398 30784
3395182 92
693273227 3395274
814908 2032
816940 430
696668501 817370
33194 416
697485871 33610
194310 2590538
697519481 2784848
1335714 1726
1337440 8192
700304329 1345632
338178 3430
701649961 341608
2577400 2862
2580262 9626
701991569 2589888
622346 1371
623717 105
704581457 623822
3131294 1078898
705205279 4210192
488052 105
488157 419
709415471 488576
67868 2204
709904047 70072
997722 2164
999886 416
709974119 1000302
194438 155310
710974421 349748
127204 118
127322 256
711324169 127578
181462 324834
711451747 506296
5264621 301852
115 2132
5566473 2247
711958043 5568720
612890 988
613878 110
717526763 613988
241706 45056
718140751 286762
958 45440
718427513 46398
424642 1010
718473911 425652
2034466 1118
2035584 7752
718899563 2043336
470550 6831
24 303
477381 327
720942899 477708
150630 81920
721420607 232550
349748 946
721653157 350694
685468 696
686164 5648
722003851 691812
787626 2278
789904 6
722695663 789910
183740 107446
723485573 291186
289092 298
289390 322
723776759 289712
1151178 1492
1152670 6
724066471 1152676
1981038 3032
1984070 544
725219147 1984614
1194084 2912
1196996 64
727203761 1197060
774278 1216
775494 2048
728400821 777542
315376 118
315494 512
729178363 316006
1146220 877358
729494369 2023578
181142 34
731517947 181176
463786 38234
731699123 502020
280 2278
732201143 2558
1508878 83
1508961 19461
732203701 1528422
2306468 280
2306748 1492
733732123 2308240
1096068 378
1096446 792
736040363 1097238
2389290 124
2389414 2912
737137601 2392326
560564 7752
739529927 568316
686164 1073064
740098243 1759228
556345 688
557033 229
741857471 557262
413868 479190
742414733 893058
59148 946
60094 2
743307791 60096
100544 10842
743367887 111386
208848 305106
743479273 513954
37620 260254
743993227 297874
46266 360302
744291101 406568
413286 144
744697669 413430
167990 32
745111099 168022
143078 1109058
745279121 1252136
426810 38760
746531257 465570
1981038 124
1981162 104
746996827 1981266
960954 3640
964594 134
748978093 964728
326688 149508
749942821 476196
669438 560376
750419017 1229814
369992 562
370554 124
751648831 370678
858852 2226
752019509 861078
797560 1492
799052 1440
752880587 800492
248870 532
249402 3592
753681079 252994
1119580 92
1119672 7752
753934073 1127424
1813612 32
1813644 8
755061497 1813652
9626 2032
756875149 11658
726738 16
756886807 726754
1683964 4944
1688908 512
757613561 1689420
336 257190
759302981 257526
1818030 3144
1821174 8192
759560507 1829366
1831900 9626
1841526 988
761389873 1842514
201822 560472
763232387 762294
1268020 52
1268072 384
763994681 1268456
139848 1870
141718 696
765263137 142414
2619432 6784
2626216 16
765405551 2626232
115128 39
115167 7
768031783 115174
49504 424642
768146957 474146
595748 3778
599526 1492
768621103 601018
151110 3072
769222121 154182
405256 676634
769376303 1081890
1238342 44
1238386 1118
770458193 1239504
1199544 2132
1201676 3624
771697697 1205300
425652 1010
426662 134
772902997 426796
254 506322
773329793 506576
511290 50
511340 128
773836369 511468
112018 886
112904 280
774347837 113184
395308 5648
124 128
400956 252
774461021 401208
156071 110
156181 11
774862229 156192
808404 532
808936 3592
775018421 812528
284602 114066
775830949 398668
300554 270
776229617 300824
2728164 22896
2751060 9516
776530441 2760576
190458 502698
779291017 693156
2143098 792
2143890 96
779984173 2143986
276720 1312
278032 6
782128159 278038
1025560 124
1025684 2688
782406197 1028372
239292 554
239846 2
783434569 239848
675676 257186
783674417 932862
1287616 265016
784607279 1552632
194438 1445304
786159911 1639742
854362 1440
855802 384
787799653 856186
111386 13312
788655839 124698
1056164 648
1056812 4762
788780537 1061574
183927 149199
789842111 333126
2610 1913504
790175237 1916114
232550 1602
234152 154
792091351 234306
107446 38
792325657 107484
2024294 3016
2027310 562
792433141 2027872
64591 47
64638 2
794461013 64640
1229814 46266
794525653 1276080
458670 262
458932 4608
795801733 463540
539449 562
540011 309
796265273 540320
3074194 194
3074388 1602
796805593 3075990
127578 105438
799881583 233016
1238386 256778
800114599 1495164
309204 154
309358 128
801609763 309486
616530 2164
618694 554
801919249 619248
67868 792
68660 16
802538497 68676
87948 4944
154 384
92892 538
802607173 93430
422709 146511
802700603 569220
83694 932660
803269823 1016354
6540977 208848
1410 419
6749825 1829
804286177 6751654
293018 544
293562 36
811037831 293598
291186 1240008
811331429 1531194
160640 4200
812862623 164840
488052 42
813027463 488094
648014 154
648168 256
813515557 648424
303 47
814163981 350
1006000 756590
814164331 1762590
3592 39846
815926921 43438
6784 1083506
815970359 1090290
215092 1072766
817060649 1287858
874336 2204
876540 104
818348507 876644
458932 2100
461032 416
819225151 461448
181176 620626
819686599 801802
2626232 1216
2627448 9474
820488401 2636922
1462368 408
823125323 1462776
834940 12122
824588099 847062
105674 39988
825435161 145662
973912 65536
825580823 1039448
150630 506322
826620271 656952
301852 1280
303132 6
827277223 303138
163382 594
163976 2
827580361 163978
49306 646
827744339 49952
188838 317910
827794291 506748
1657636 2164
1659800 322
828301039 1660122
93430 2816
96246 4
829961161 96250
1105414 2738
830057411 1108152
479190 2278
481468 512
831165563 481980
141718 39
141757 7
831647543 141764
215044 8
831789307 215052
11658 226102
832004359 237760
1798262 688
1798950 2688
832242119 1801638
105674 15
105689 75
834043757 105764
271040 2032
834149521 273072
103666 240060
834422593 343726
994786 958
995744 6
834766319 995750
1076656 1100
1077756 958
835762069 1078714
114066 32768
836840783 146834
1581404 2204
1583608 8
836987617 1583616
2043336 9732
483 303
2053068 786
838571233 2053854
4200 4
840625087 4204
87948 1216
89164 52
840629291 89216
258948 407106
840718507 666054
61440 24
61464 6
841384561 61470
4319792 28536
4348328 254
841446031 4348582
944484 511290
845794613 1455774
1238342 70
847250387 1238412
267314 53788
848488799 321102
1375034 4608
1379642 16
848809901 1379658
2811080 25381
155 256
2836461 411
850189559 2836872
6831 443729
853026431 450560
215092 1576956
853476991 1792048
960912 7752
855269039 968664
1152676 2866
1155542 2226
856237703 1157768
516684 181008
857395471 697692
467734 5946
858093163 473680
164840 2342040
858566843 2506880
1041396 7203
22 3
1048599 25
861073723 1048624
932862 34
932896 2816
862122347 935712
1798262 3016
863058059 1801278
1375034 44
1375078 2738
864859337 1377816
427322 42
427364 2226
866237153 429590
1000302 463
1000765 15
866666743 1000780
22896 1194
867667523 24090
1419282 1276356
867691613 2695638
488157 309
870387251 488466
2146242 13312
562 124
2159554 686
870875717 2160240
3320114 7906
3328020 24
873035957 3328044
292986 1107870
876364001 1400856
33348 62
877764857 33410
30964 1024
31988 2
877798267 31990
1338 33242
877830257 34580
114 283162
877864837 283276
1276080 343544
878148113 1619624
792258 1492
793750 2816
879767737 796566
1194 65536
880564303 66730
154512 442794
880631033 597306
308258 1463910
881228339 1772168
258844 97512
883000507 356356
1254210 2738
1256948 562
883356863 1257510
914 194932
884614373 195846
1938156 322
1938478 8192
884810219 1946670
2836872 20480
408 34
2857352 442
886756889 2857794
60096 60264
889614683 120360
361850 175396
889735043 537246
568316 2476
890272289 570792
1119672 2558
890843081 1122230
164840 143078
891965311 307918
1313364 1410
1314774 9474
892273229 1324248
1181784 38
1181822 1152
893597477 1182974
973842 1818030
894780451 2791872
1077756 2728164
897572323 3805920
2312138 532
2312670 3624
901378243 2316294
176080 306102
903694537 482182
888366 38
888404 2226
904176719 890630
163212 193300
905067349 356512
1573382 22768
905423861 1596150
418110 124
418234 416
907020011 418650
174594 669576
907438661 844170
321102 2912
324014 4
908282831 324018
238280 124
238404 50
908606849 238454
3328044 3056
3331100 20416
908845303 3351516
1197636 222796
912196819 1420432
433134 2226
913617251 435360
364998 70220
914052611 435218
1288992 292
1289284 3624
914487829 1292908
1993242 38
915780737 1993280
391368 183418
917774017 574786
226850 298
918348803 227148
1548532 256358
918575951 1804890
30964 1085606
920380841 1116570
1862412 12122
1874534 688
921497411 1875222
787590 84096
923372633 871686
1498582 389246
924244319 1887828
516574 3400
926132147 519974
1229814 116
1229930 3592
926652121 1233522
34580 136
927885643 34716
854100 1152
927920359 855252
1423092 724
928775611 1423816
43546 39980
930199427 83526
308258 1332
930282953 309590
295967 75
296042 64
930592543 296106
1764 57510
930888649 59274
1257510 2176
1259686 72
930947923 1259758
2022550 124
2022674 256
932207681 2022930
291262 389246
934230611 680508
324018 298
324316 322
934911119 324638
769116 2610
771726 958
935235757 772684
1226110 263
1226373 3
936008441 1226376
125468 175134
937234817 300602
1766790 426810
937535419 2193600
774278 594
774872 110
939729019 774982
649786 322
650108 24
940504001 650132
1105414 628592
941154133 1734006
893058 10842
942888139 903900
787590 215044
943792039 1002634
2193600 25381
2218981 419
944794673 2219400
270586 6100
947014073 276686
191740 96
191836 512
947290759 192348
593 628771
947483107 629364
1152676 405600
948112471 1558276
47614 17000
949670747 64614
1017096 554
1017650 1440
949735361 1019090
2636922 13312
1440 104
2650234 1544
950754451 2651778
478250 2738
953406229 480988
269050 346990
953887217 616040
3086434 17002
3103436 3640
954503257 3107076
1535374 10842
298 322
1546216 620
957610333 1546836
1831884 628438
959157169 2460322
450560 285018
961617491 735578
2254490 13312
154 8
2267802 162
962353069 2267964
3059176 12288
64 16
3071464 80
964621033 3071544
1424818 118
1424936 16384
967692577 1441320
217270 92
969133897 217362
18798 820600
969351259 839398
108392 1332
109724 430
970190657 110154
5075698 141764
5217462 45440
970300811 5262902
513300 160596
975563713 673896
548789 156071
976237609 704860
252994 160640
976942469 413634
994786 363040
977356103 1357826
2655922 37620
154 128
2693542 282
978713929 2693824
663732 208244
981407753 871976
429590 2100
431690 4
982279729 431694
121734 301852
982711423 423586
1077756 154
1077910 32
983135009 1077942
1276356 4762
1281118 104
984212951 1281222
2618022 963
2618985 105
985494173 2619090
89216 1010
90226 92
988113263 90318
350 11658
988203581 12008
300824 70220
988215589 371044
465570 52
465622 32
988586633 465654
38182 645778
989052287 683960
3805920 56386
3862306 48
989736247 3862354
2286534 175134
993598601 2461668
560472 814662
996060269 1375134
1443702 594
1444296 104
997435403 1444400
118522 8192
998879803 126714
502020 52
502072 32
999006517 502104
