2532
1 1
2 2
4 4
8 8
16 16
32 32
64 64
128 128
256 256
512 512
1024 1024
2048 2048
4096 4096
8192 8192
16384 16384
32768 32768
1024 512
32 8
4 1
1536 40
1576 5
65536 1581
32768 8192
2048 1581
64 40
8 2
40960 3629
104 10
44589 114
44703 1
67117 44704
111821 111821
111821 16384
8192 512
256 64
16 5
128205 8704
320 21
136909 341
137250 8
223642 137258
16384 2048
512 341
40 21
18432 853
61 2
19285 63
360900 19348
137258 44704
19348 853
64 32
181962 20201
96 4
202163 100
380248 202263
20201 2048
512 16
2 1
22249 528
22777 3
582511 22780
8704 341
40 4
9045 44
605291 9089
223642 67117
32768 3629
256 10
290759 36397
266 5
327156 271
614380 327427
44704 4096
1581 128
10 4
48800 1709
50509 14
941807 50523
44704 1581
64 10
46285 74
46359 16
992330 46375
74 1709
1038705 1783
44704 128
104 5
44832 109
44941 2
1040488 44943
67117 32768
1581 100
99885 1681
101566 10
1085431 101576
223642 50523
4096 2048
528 21
274165 6144
549 10
280309 559
1187007 280868
181962 9089
6144 559
128 4
191051 6703
132 2
197754 134
1467875 197888
128205 2048
559 114
130253 673
130926 104
1665763 131030
280868 1024
281892 16
1796793 281908
327427 3629
109 96
331056 205
2078701 331261
67117 6703
100 96
73820 196
2409962 74016
202263 20201
1024 64
4 2
222464 1088
223552 6
2483978 223558
137258 9089
853 10
146347 863
147210 40
2707536 147250
18432 559
18991 10
2854786 19001
50523 341
50864 5
2873787 50869
4096 1088
100 61
5184 161
2924656 5345
147250 9089
3629 256
156339 3885
160224 2
2930001 160226
16384 673
21 114
17057 135
3090227 17192
111821 6144
266 21
117965 287
3107419 118252
36397 1088
63 16
37485 79
3225671 37564
67117 853
67970 128
3263235 68098
5345 549
5894 61
3331333 5955
16384 96
16480 63
3337288 16543
50869 6703
528 64
57572 592
3353831 58164
223642 19001
161 1
242643 162
3411995 242805
32768 266
33034 128
3654800 33162
118252 6703
1088 21
124955 1109
126064 128
3687962 126192
22780 2048
1109 128
24828 1237
26065 32
3814154 26097
44943 853
45796 104
3840251 45900
50869 3629
79 5
54498 84
54582 8
3886151 54590
137258 4096
14 8
141354 22
3940741 141376
9089 341
5 32
9430 37
4082117 9467
68098 2048
1237 205
70146 1442
4091584 71588
101576 6703
1237 44
3 8
108279 1281
109560 11
4163172 109571
160226 6703
1442 14
166929 1456
168385 16
4272743 168401
223642 8192
287 109
231834 396
4441144 232230
9467 341
5 40
9808 45
4673374 9853
58164 4096
341 5
62260 346
62606 8
4683227 62614
74016 4096
21 10
78112 31
4745841 78143
78143 8704
4823984 86847
181962 2048
1024 10
184010 1034
185044 5
4910831 185049
50869 673
40 16
51542 56
5095880 51598
19285 21
19306 2
5147478 19308
74016 161
74177 1576
5166786 75753
168401 9045
6 32
177446 38
5242539 177484
78143 6703
287 287
84846 574
5420023 85420
118252 16
118268 2
5505443 118270
5955 196
5623713 6151
177484 396
96 2
177880 98
5629864 177978
327427 2048
37 14
329475 51
5807842 329526
70146 528
5 2
70674 7
6137368 70681
1681 16
6208049 1697
26097 863
44 104
26960 148
6209746 27108
290759 9853
37 3629
300612 3666
6236854 304278
86847 3666
14 44
90513 58
6541132 90571
71588 1581
73169 512
6631703 73681
242805 9853
271 21
252658 292
6705384 252950
62614 1281
63895 1109
6958334 65004
26097 128
26225 8
7023338 26233
45900 346
46246 8
7049571 46254
4096 863
4959 5
7095825 4964
304278 9089
266 40
313367 306
7100789 313673
24828 592
25420 196
7414462 25616
46359 528
7440078 46887
37564 2048
74 128
39612 202
7486965 39814
78143 5955
84098 64
7526779 84162
168401 4096
549 128
172497 677
7610941 173174
300612 2048
341 16
302660 357
7784115 303017
9853 287
10140 132
8087132 10272
202263 10272
4096 205
212535 4301
216836 21
8097404 216857
380248 147210
527458 44832
8314261 572290
10272 4959
15231 135
8886551 15366
20201 549
20750 1024
8901917 21774
70146 271
70417 128
8923691 70545
232230 6703
396 6
238933 402
239335 21
8994236 239356
22780 84
22864 673
9233592 23537
252950 16543
205 10
269493 215
9257129 269708
118270 3666
121936 84
9526837 122020
6703 266
6969 528
9648857 7497
50869 9045
9656354 59914
40960 2048
673 549
43008 1222
9716268 44230
78112 8
9760498 78120
78143 1237
79380 132
9838618 79512
54590 2048
559 5
56638 564
9918130 57202
4301 74
4375 100
9975332 4475
19308 5184
9979807 24492
10272 96
10368 114
10004299 10482
25420 44
25464 114
10014781 25578
75753 677
79 2
76430 81
10040359 76511
90571 8704
100 21
99275 121
10116870 99396
137258 3666
7 196
140924 203
10216266 141127
48800 22
48822 1237
10357393 50059
99885 402
21 64
100287 85
10407452 100372
360900 10482
863 45
371382 908
372290 84
10507824 372374
44230 44230
10880198 88460
43008 205
43213 132
10968658 43345
51598 1237
52835 32
11012003 52867
242805 1697
244502 549
11064870 245051
57572 32
57604 4
11309921 57608
191051 4475
195526 6
11367529 195532
177978 5
177983 256
11563061 178239
27108 56
27164 592
11741300 27756
33162 346
33508 1681
11769056 35189
7497 32
7529 16
11804245 7545
252950 8704
256 2
261654 258
11811790 261912
98 271
12073702 369
68098 574
68672 45
12074071 68717
79512 908
61 4
80420 65
12142788 80485
40960 341
41301 128
12223273 41429
287 256
12264702 543
202263 6969
84 2
209232 86
12265245 209318
261912 6151
148 320
268063 468
12474563 268531
62606 5955
12743094 68561
269708 61
269769 2048
12811655 271817
101576 3885
11 44
105461 55
13083472 105516
84098 1
13188988 84099
35189 135
35324 256
13273087 35580
50059 37564
13308667 87623
147250 4964
74 96
152214 170
13396290 152384
181962 10
181972 1536
13548674 183508
101576 559
102135 21
13732182 102156
84162 287
84449 135
13834338 84584
43345 677
56 96
44022 152
13918922 44174
274165 4375
278540 196
13963096 278736
35580 215
35795 40
14241832 35835
58164 132
58296 256
14277667 58552
10482 2048
1536 21
12530 1557
14087 2
14336219 14089
147250 2048
215 574
149298 789
14350308 150087
327427 64
327491 16
14500395 327507
56638 6703
14827902 63341
51598 33034
14891243 84632
12530 135
12665 44
14975875 12709
18432 109
18541 128
14988584 18669
202 84
15007253 286
10482 134
10616 16
15007539 10632
22780 63
15018171 22843
117965 14
117979 271
15041014 118250
126064 81
126145 16
15159264 126161
168401 1442
169843 63
15285425 169906
27756 341
28097 64
15455331 28161
37564 132
37696 528
15483492 38224
85420 863
86283 100
15521716 86383
27108 266
15608099 27374
152384 2048
86 1222
154432 1308
15635473 155740
223642 4964
64 4
228606 68
15791213 228674
126192 306
126498 1024
16019887 127522
290759 266
291025 1536
16147409 292561
109571 2048
96 104
111619 200
16439970 111819
10632 104
16551789 10736
228674 266
228940 16
16562525 228956
15366 134
15500 559
16791481 16059
261912 202
262114 1697
16807540 263811
118270 1557
119827 863
17071351 120690
65536 1281
66817 61
17192041 66878
22864 56
22920 559
17258919 23479
26233 51
26284 135
17282398 26419
33162 162
17308817 33324
52835 70545
17342141 123380
88460 1237
89697 3
17465521 89700
26284 104
17555221 26388
28161 38
28199 1088
17581609 29287
66878 3
66881 104
17610896 66985
242643 114
242757 8
17677881 242765
7529 46254
17920646 53783
68717 152
68869 1109
17974429 69978
380248 102135
482383 4096
18044407 486479
124955 5
124960 512
18530886 125472
137258 2048
1109 3
139306 1112
18656358 140418
120690 162
120852 132
18796776 120984
54590 114
54704 4
18917760 54708
44230 185049
18972468 229279
486479 9467
84 132
495946 216
19201747 496162
178239 1709
19697909 179948
90571 1109
91680 6
19877857 91686
58552 592
59144 8
19969543 59152
33508 1456
34964 32
20028695 34996
160226 346
160572 63
20063691 160635
91686 162
91848 271
20224326 92119
24492 44
24536 128
20316445 24664
141376 1783
61 21
143159 82
20341109 143241
278540 76511
20484350 355051
27756 46246
20839401 74002
614380 10482
14 61
624862 75
20913403 624937
232230 789
233019 528
21538340 233547
10736 132
10868 256
21771887 11124
29287 396
29683 128
21783011 29811
85420 44
85464 128
21812822 85592
160635 1281
161916 1581
21898414 163497
258 9467
22061911 9725
66985 329526
22071636 396511
43213 3
43216 16
22468147 43232
46375 287
46662 4
22511379 46666
92119 6703
14 64
98822 78
22558045 98900
52867 85
52952 402
22656945 53354
27164 74
22710299 27238
18669 8
22737537 18677
44943 196
45139 528
22756214 45667
152384 98
152482 346
22801881 152828
80485 1557
82042 677
22954709 82719
202263 5345
3 16
207608 19
23037428 207627
24828 205
25033 100
23245055 25133
59152 114
23270188 59266
25464 84
25548 8
23329454 25556
14089 369
14458 132
23355010 14590
25556 99396
23369600 124952
44589 8
23494552 44597
45139 137258
23539149 182397
252950 1681
254631 8
23721546 254639
89700 9853
23976185 99553
102156 14
24075738 102170
17192 22
17214 205
24177908 17419
90571 266
90837 341
24195327 91178
59914 564
60478 148
24286505 60626
185049 196
185245 266
24347131 185511
75 62614
24532642 62689
45 44941
24595331 44986
15500 14
15514 528
24640317 16042
48822 287
49109 205
24656359 49314
4475 266
4741 61
24705673 4802
25133 43232
24710475 68365
396511 41429
1281 74
437940 1355
24778840 439295
360900 5345
45 341
366245 386
25218135 366631
62689 44
62733 256
25584766 62989
1355 70146
25647755 71501
49109 22780
25719256 71889
185511 5345
63 104
190856 167
25791145 191023
10272 51
25982168 10323
51598 908
52506 74
25992491 52580
62260 40
26045071 62300
111821 287
112108 549
26107371 112657
90571 64
90635 2
26220028 90637
65536 100
65636 1024
26310665 66660
178239 109
178348 2
26377325 178350
85464 1557
26555675 87021
245051 2048
320 8
247099 328
26642696 247427
71889 22
71911 1088
26890123 72999
496162 14590
74 341
510752 415
26963122 511167
592 8
27474289 600
170 84846
27474889 85016
87623 357
87980 134
27559905 88114
52580 18991
27648019 71571
271817 6
271823 528
27719590 272351
91848 154432
27991941 246280
16059 1576
28238221 17635
112657 21
112678 2
28255856 112680
184010 271
184281 61
28368536 184342
1109 1536
28552878 2645
2645 205
2850 256
28555523 3106
191051 528
28558629 191579
88460 346
88806 100
28750208 88906
202263 63
202326 512
28839114 202838
169906 396
170302 271
29041952 170573
25548 92119
29212525 117667
31 5894
29330192 5925
35835 3629
29336117 39464
105516 1088
8 4
106604 12
29375581 106616
331261 2850
334111 4301
29482197 338412
3666 61
3727 114
29820609 3841
53354 43232
29824450 96586
80485 1034
81519 61
29921036 81580
91680 166929
30002616 258609
65004 132
65136 74
30261225 65210
41429 152
41581 1237
30326435 42818
15231 73820
30369253 89051
11124 58
11182 592
30458304 11774
212535 789
3 32
213324 35
30470078 213359
7545 341
7886 40
30683437 7926
10272 109571
30691363 119843
68365 118250
30811206 186615
2850 21
2871 4
30997821 2875
112680 104
112784 1576
31000696 114360
12709 592
13301 320
31115056 13621
29811 161
29972 1576
31128677 31548
44022 9045
31160225 53067
6969 24828
31213292 31797
228956 271
229227 8
31245089 229235
114 128
31474324 242
10632 44704
31474566 55336
131030 152
131182 341
31529902 131523
44589 1
31661425 44590
24492 51
31706015 24543
26960 863
31730558 27823
68869 90571
31758381 159440
123380 1222
124602 100
31917821 124702
33508 56
33564 592
32042523 34156
396511 37696
196 16
434207 212
32076679 434419
18991 266
32511098 19257
70146 100
70246 63
32530355 70309
39612 9808
32600664 49420
66660 209318
32650084 275978
54498 44589
32926062 99087
11774 266
12040 63
33025149 12103
233547 86
233633 4475
33037252 238108
18677 61
18738 114
33275360 18852
143241 1112
144353 215
33294212 144568
85 26233
33438780 26318
2048 266
2314 128
33465098 2442
25133 44
25177 10
33467540 25187
109571 32768
33492727 142339
34156 320
34476 16
33635066 34492
108279 5
108284 1024
33669558 109308
163497 2314
165811 3
33778866 165814
38 137258
33944680 137296
166929 128
167057 32
34081976 167089
39814 292
40106 7
34249065 40113
24664 73820
34289178 98484
15231 21
15252 4
34387662 15256
177983 2048
34402918 180031
197888 100
34582949 197988
17635 415
18050 271
34780937 18321
908 32
34799258 940
114360 1281
115641 1109
34800198 116750
46887 559
47446 2
34916948 47448
33564 100
34964396 33664
14590 162
14752 196
34998060 14948
286 170
35013008 456
7545 271
7816 40
35013464 7856
16059 105516
35021320 121575
36397 468
36865 369
35142895 37234
34964 32768
35180129 67732
58296 109
58405 74
35247861 58479
35580 25420
35306340 61000
2645 44
2689 10
35367340 2699
27108 19001
35370039 46109
24664 528
35416148 25192
134 21
35441340 155
68561 46359
35441495 114920
8704 109
8813 114
35556415 8927
6151 346
6497 161
35565342 6658
73681 74
73755 63
35572000 73818
369 559
35645818 928
86847 5
86852 128
35646746 86980
275978 286
276264 1709
35733726 277973
9853 14
9867 3
36011699 9870
46254 44943
36021569 91197
63 44589
36112766 44652
16384 5
16389 8
36157418 16397
41581 100
41681 320
36173815 42001
54590 549
36215816 55139
2048 256
36270955 2304
31548 134
31682 74
36273259 31756
2850 64
36305015 2914
31 17057
36307929 17088
96 19348
36325017 19444
40960 100
41060 5
36344461 41065
32768 109
32877 128
36385526 33005
16543 202
16745 51
36418531 16796
54708 7529
36435327 62237
16745 131523
36497564 148268
26388 1697
36645832 28085
19306 592
36673917 19898
402 62606
36693815 63008
32877 574
36756823 33451
38224 44230
36790274 82454
6151 126064
36872728 132215
59914 132
60046 74
37004943 60120
292561 6969
114 10
299530 124
37065063 299654
7545 84
7629 10
37364717 7639
80485 543
81028 346
37372356 81374
63 2048
37453730 2111
543 54498
37455841 55041
1536 5
1541 8
37510882 1549
102170 52835
37512431 155005
338412 124
338536 10632
37667436 349168
1541 57572
38016604 59113
40113 564
40677 196
38075717 40873
46359 44589
38116590 90948
26419 266
38207538 26685
19348 67117
38234223 86465
329526 104
329630 8
38320688 329638
263811 1088
264899 1576
38650326 266475
10323 18669
38916801 28992
1456 1281
38945793 2737
10272 84
38948530 10356
40113 24492
38958886 64605
2875 85016
39023491 87891
84162 109
39111382 84271
173174 258
173432 1109
39195653 174541
92119 3106
266 61
95225 327
39370194 95552
303017 677
303694 114
39465746 303808
167089 98
167187 1109
39769554 168296
82042 26284
39937850 108326
120984 306
121290 205
40046176 121495
91680 16384
40167671 108064
20201 512
40275735 20713
37696 45
37741 271
40296448 38012
143241 292
143533 7
40334460 143540
49109 114
40478000 49223
102170 3106
105276 78
40527223 105354
163497 79
163576 1536
40632577 165112
3885 109
3994 44
40797689 4038
202163 10
40801727 202173
140924 1222
41003900 142146
65636 161
65797 74
41146046 65871
54704 53783
41211917 108487
43008 287
41320404 43295
163576 44
163620 3
41363699 163623
360900 135
361035 549
41527322 361584
29972 256
30228 8
41888906 30236
202326 369
202695 135
41919142 202830
44022 468
42121972 44490
25133 3629
42166462 28762
10140 148
42195224 10288
789 24828
42205512 25617
90948 100
91048 40
42231129 91088
125472 96
125568 128
42322217 125696
89697 35324
42447913 125021
31797 70146
42572934 101943
146347 215
146562 196
42674877 146758
28161 14089
42821635 42250
247427 177484
42863885 424911
202838 4475
61 128
207313 189
43288796 207502
415 178348
43496298 178763
7926 29811
43675061 37737
320 1024
43712798 1344
6 20201
43714142 20207
291025 130926
43734349 421951
152 54582
44156300 54734
68561 9045
44211034 77606
81 1442
44288640 1523
242 26284
44290163 26526
44986 61
45047 32
44316689 45079
33324 4475
44361768 37799
20207 46662
44399567 66869
87891 105461
44466436 193352
174541 263811
44659788 438352
126498 118250
45098140 244748
132215 2442
134657 1112
45342888 135769
118270 100
45478657 118370
37 16384
45597027 16421
26388 128
45613448 26516
31548 79
31627 8
45639964 31635
486479 8192
346 22
494671 368
45671599 495039
127522 22249
46166638 149771
42001 104
42105 128
46316409 42233
90837 66881
46358642 157718
216857 4741
221598 271
46516360 221869
63895 592
64487 104
46738229 64591
52867 128
46802820 52995
142146 32877
46855815 175023
9808 50509
47030838 60317
82719 132
82851 559
47091155 83410
182397 100
182497 512
47174565 183009
366631 402
367033 574
47357574 367607
109 9045
47725181 9154
22843 5
47734335 22848
150087 258
150345 271
47757183 150616
15252 120984
47907799 136236
43345 853
48044035 44198
2111 51
2162 134
48088233 2296
117667 68365
48090529 186032
75753 148
75901 266
48276561 76167
135 549
48352728 684
25616 74016
48353412 99632
161916 908
162824 266
48453044 163090
155 54704
48616134 54859
11182 64
11246 16
48670993 11262
116750 104
116854 4
48682255 116858
84584 203
48799113 84787
81028 26318
48883900 107346
81028 88806
48991246 169834
78143 357
78500 346
49161080 78846
163576 24492
49239926 188068
12665 564
49427994 13229
55336 134
55470 16
49441223 55486
31756 54498
49496709 86254
88460 14
88474 16
49582963 88490
6969 1088
49671453 8057
85 48822
49679510 48907
35324 50864
49728417 86188
213359 368
213727 3106
49814605 216833
54582 1024
50031438 55606
61000 271
61271 128
50087044 61399
56 1442
50148443 1498
52506 54704
50149941 107210
15366 14
50257151 15380
34492 63
34555 4
50272531 34559
1222 161
50307090 1383
165112 134
165246 5
50308473 165251
15252 202
50473724 15454
54708 8704
50489178 63412
331261 320
331581 1576
50552590 333157
85592 40
50885747 85632
327 22780
50971379 23107
5345 256
5601 32
50994486 5633
106604 34964
51000119 141568
1355 33324
51141687 34679
1442 132
51176366 1574
120690 64
120754 8
51177940 120762
14752 6969
51298702 21721
8927 101566
51320423 110493
105516 121936
51430916 227452
60626 564
51658368 61190
51141687 624937
62733 1112
51766624 63845
39814 26097
51830469 65911
70246 258
51896380 70504
34476 62689
51966884 97165
27238 10272
52064049 37510
1549 3885
52101559 5434
26284 369
52106993 26653
34996 1442
52133646 36438
7639 2442
52170084 10081
20750 56
20806 559
52180165 21365
28085 18991
52201530 47076
232230 396
232626 271
52248606 232897
81580 196
81776 3
52481503 81779
76511 16543
52563282 93054
45079 60046
52656336 105125
6969 22777
52761461 29746
41581 44
41625 10
52791207 41635
369 43345
52832842 43714
102170 549
102719 1681
52876556 104400
6497 55
52980956 6552
5925 109571
52987508 115496
83410 79
83489 4
53103004 83493
12709 266
12975 32
53186497 13007
36438 396
36834 16
53199504 36850
228956 55
53236354 229011
79512 242
79754 564
53465365 80318
313367 100
313467 2
53545683 313469
12709 559
53859152 13268
46246 528
53872420 46774
12530 109
12639 4
53919194 12643
54704 202
53931837 54906
327 2304
53986743 2631
299530 85592
53989374 385122
32877 114
32991 5
54374496 32996
118370 789
119159 564
54407492 119723
112108 205
112313 134
54527215 112447
76430 202
54639662 76632
5925 4375
54716294 10300
268531 170
268701 677
54726594 269378
349168 98900
54995972 448068
54582 271
55444040 54853
434207 12709
55498893 446916
41581 9725
55945809 51306
66878 1576
55997115 68454
65004 26065
56065569 91069
18852 28199
56156638 47051
41581 31
56203689 41612
9867 87021
56245301 96888
10736 7
56342189 10743
146562 4
56352932 146566
43216 559
56499498 43775
20207 84632
56543273 104839
328 23479
56648112 23807
43295 27164
56671919 70459
26653 456
56742378 27109
99396 256
56769487 99652
37485 50523
56869139 88008
278736 134
56957147 278870
65636 170
57236017 65806
69978 3
57301823 69981
90635 21774
57371804 112409
9725 18432
57484213 28157
287 22777
57512370 23064
66817 160226
57535434 227043
12530 3629
57762477 16159
107210 22920
57778636 130130
124952 54704
57908766 179656
65911 100
58088422 66011
396511 23807
574 45
420318 619
58154433 420937
168296 52506
58575370 220802
1783 114
58796172 1897
38224 1109
39333 21
58798069 39354
44986 29811
58837423 74797
144568 1034
145602 16
58912220 145618
448068 14087
462155 17192
59057838 479347
46375 1024
59537185 47399
396 61
59584584 457
44590 205
59585041 44795
31627 928
59629836 32555
27823 66985
59662391 94808
9808 50869
59757199 60677
124602 112678
59817876 237280
81374 3
81377 96
60055156 81473
43714 99087
60136629 142801
37799 174541
60279430 212340
19308 67117
60491770 86425
27823 37564
60578195 65387
38012 128
38140 8
60643582 38148
1783 8704
60681730 10487
369 39612
60692217 39981
155 142339
60732198 142494
54708 68561
60874692 123269
60046 86980
60997961 147026
21721 2699
61144987 24420
8927 256
61169407 9183
40106 11
61178590 40117
59152 266
61218707 59418
228940 9430
61278125 238370
51 9467
61516495 9518
14458 6151
61526013 20609
25133 29683
61546622 54816
70309 91680
61601438 161989
47448 79
47527 863
61763427 48390
34156 10323
61811817 44479
94808 109
94917 2
61856296 94919
2645 4301
61951215 6946
20806 189
61958161 20995
169906 1222
61979156 171128
8813 6
62150284 8819
14089 528
62159103 14617
99087 17635
62173720 116722
22249 63
22312 4
62290442 22316
15252 3727
62312758 18979
82851 266
83117 128
62331737 83245
18050 15252
62414982 33302
26388 56638
62448284 83026
5601 148
62531310 5749
40677 5
40682 8
62537059 40690
457 1576
62577749 2033
184281 167
62579782 184448
12040 104
62764230 12144
2162 55
62776374 2217
34476 86847
62778591 121323
44986 45
62899914 45031
2304 146347
62944945 148651
193352 35189
63093596 228541
268701 12530
63322137 281231
58552 46246
63603368 104798
3727 85
63708166 3812
6703 549
63711978 7252
12103 44
63719230 12147
46666 65
63731377 46731
86188 78846
63778108 165034
355051 5633
360684 121
63943142 360805
136236 73681
64303947 209917
16745 98484
64513864 115229
105354 22777
64629093 128131
95552 302660
64757224 398212
1442 114
65155436 1556
51598 528
52126 10
65156992 52136
68098 5
68103 256
65209128 68359
14948 59144
65277487 74092
1034 10
1044 40
65351579 1084
42233 7545
65352663 49778
52126 76511
65402441 128637
7926 60626
65531078 68552
6552 64
6616 8
65599630 6624
68717 39814
65606254 108531
33302 4964
65714785 38266
15366 40
65753051 15406
189 101943
65768457 102132
121290 1456
65870589 122746
10323 1355
65993335 11678
462155 3885
466040 132
66005013 466172
61271 102135
66471185 163406
167 1109
66634591 1276
10632 2048
66635867 12680
45139 109
45248 320
66648547 45568
25133 23479
66694115 48612
41635 58479
66742727 100114
89700 14087
66842841 103787
66946628 152
385122 7926
21 8
393048 29
66946780 393077
189 95225
67339857 95414
10323 33034
67435271 43357
16042 258
67478628 16300
27238 51598
67494928 78836
152384 2
67573764 152386
93054 1109
94163 2
67726150 94165
42250 396
42646 74
67820315 42720
59113 26960
67863035 86073
79380 19001
67949108 98381
42250 161
68047489 42411
3885 1088
68089900 4973
39981 99632
68094873 139613
165246 2314
68234486 167560
40873 592
68402046 41465
50869 74
50943 100
68443511 51043
29811 100
68494554 29911
50059 134
68524465 50193
144568 292
144860 134
68574658 144994
106604 102156
68719652 208760
85592 3885
68928412 89477
74177 46359
69017889 120536
10868 58296
69138425 69164
12665 137258
69207589 149923
186032 46887
69357512 232919
66869 10272
69590431 77141
44198 84
69667572 44282
60317 65636
69711854 125953
69837807 11182
174541 98822
69848989 273363
15252 85
70122352 15337
12665 10
70137689 12675
3885 128
70150364 4013
52136 25133
70154377 77269
273363 100
273463 104
70231646 273567
386 29811
70505213 30197
1897 11774
70535410 13671
184010 134
184144 109
70549081 184253
2304 59266
70733334 61570
85592 62614
70794904 148206
98822 91848
70943110 190670
25192 1697
71133780 26889
14089 64
71160669 14153
41429 38
71174822 41467
15256 357
71216289 15613
68 90571
71231902 90639
24828 1576
71322541 26404
543 57202
71348945 57745
3727 90513
71406690 94240
17088 7886
71500930 24974
415 127522
71525904 127937
57608 65536
71653841 123144
338536 65536
71776985 404072
82719 6151
72181057 88870
13301 48800
72269927 62101
59144 205
72332028 59349
124702 46254
72391377 170956
34679 109
34788 44
72562333 34832
59144 46359
72597165 105503
28097 19285
72702668 47382
131182 65536
72750050 196718
31756 102135
72946768 133891
74177 196
74373 266
73080659 74639
43345 74016
73155298 117361
36438 132
36570 74
73272659 36644
58552 45796
73309303 104348
26318 8192
73413651 34510
1276 6969
73448161 8245
26419 6969
73456406 33388
79754 543
73489794 80297
6144 114
73570091 6258
53354 48822
73576349 102176
42250 100
42350 40
73678525 42390
38224 73169
73720915 111393
7545 2048
73832308 9593
26318 48822
73841901 75140
9518 85464
73917041 94982
44230 25616
74012023 69846
66869 1034
74081869 67903
48390 135
48525 44
74149772 48569
66878 8704
74198341 75582
137296 14590
74273923 151886
9154 33162
74425809 42316
3727 200
74468125 3927
7926 14089
74472052 22015
41065 118250
74494067 159315
48822 57202
74653382 106024
20609 1681
74759406 22290
76167 313367
74781696 389534
33005 58164
75171230 91169
106604 25548
75262399 132152
107210 44
107254 5
75394551 107259
42001 65
75501810 42066
8927 2699
75543876 11626
63412 24828
75555502 88240
7816 6969
75643742 14785
143533 37564
75658527 181097
41581 9853
75839624 51434
6497 549
75891058 7046
6969 4301
75898104 11270
26960 196
75909374 27156
171128 789
171917 292
75936530 172209
280309 271
280580 2
76108739 280582
789 1442
76389321 2231
54906 79
76391552 54985
134657 549
135206 32
76446537 135238
60317 126145
76581775 186462
19898 2645
76768237 22543
1308 27164
76790780 28472
2314 2
76819252 2316
149771 9089
76821568 158860
47051 14
76980428 47065
104 32768
77027493 32872
52867 98
77060365 52965
2304 369
77113330 2673
12103 26233
77116003 38336
1109 5345
77154339 6454
112313 170
77160793 112483
92119 126161
77273276 218280
200 71588
77491556 71788
44941 74
77563344 45015
102170 152
77608359 102322
19001 46359
77710681 65360
25464 137250
77776041 162714
41681 677
77938755 42358
624937 203
625140 4301
77981113 629441
2304 16480
78610554 18784
10300 62237
78629338 72537
367607 81
78701875 367688
479347 1709
481056 256
79069563 481312
90837 45900
79550875 136737
1344 27823
79687612 29167
141127 10140
79716779 151267
10272 79
79868046 10351
85464 559
79878397 86023
145618 592
146210 109
79964420 146319
37741 161
80110739 37902
175023 45667
80148641 220690
203 10482
80369331 10685
170302 1024
80380016 171326
81 25616
80551342 25697
60478 65536
80577039 126014
7252 81
7333 16
80703053 7349
23537 202163
80710402 225700
111819 21
80936102 111840
94808 50059
81047942 144867
119723 41681
81192809 161404
62237 242
81354213 62479
165811 96
81416692 165907
12639 9867
81582599 22506
139613 1783
81605105 141396
102176 174541
81746501 276717
147026 43216
82023218 190242
78500 1344
82213460 79844
11774 32768
82293304 44542
357 85420
82337846 85777
2645 2
82423623 2647
61000 86847
82426270 147847
17635 271
17906 100
82574117 18006
14752 31548
82592123 46300
5184 44832
82638423 50016
44542 92119
82688439 136661
66660 7497
82825100 74157
55 68561
82899257 68616
43232 37564
82967873 80796
14752 7545
83048669 22297
14752 98484
83070966 113236
59266 87623
83184202 146889
17214 98
83331091 17312
2162 512
83348403 2674
38224 58
83351077 38282
41681 1308
83389359 42989
25616 50869
83432348 76485
58164 74
83508833 58238
81779 28762
83567071 110541
1355 1456
83677612 2811
163406 853
83680423 164259
277973 512
83844682 278485
7252 6552
84123167 13804
36834 5184
84136971 42018
1308 908
84178989 2216
205 137250
84181205 137455
170573 286
84318660 170859
84489519 39612
9808 3
84529131 9811
17419 228674
84538942 246093
262114 1222
263336 45
84785035 263381
41635 8192
85048416 49827
12709 292
85098243 13001
4959 1576
85111244 6535
68561 100287
85117779 168848
43357 50864
85286627 94221
4301 70681
85380848 74982
74177 109
85455830 74286
592 8704
85530116 9296
86465 1088
85539412 87553
2914 85592
85626965 88506
66869 1523
85715471 68392
39612 528
85783863 40140
95552 328
85824003 95880
41635 592
85919883 42227
54704 16480
85962110 71184
44652 106616
86033294 151268
233633 928
234561 81
86184562 234642
303808 148
86419204 303956
63341 12530
86723160 75871
66660 10482
86799031 77142
7639 22780
86876173 30419
34788 21
86906592 34809
71911 91178
86941401 163089
6497 152
87104490 6649
109571 54498
87111139 164069
12144 141376
87275208 153520
6658 6703
87428728 13361
10288 87623
87442089 97911
10356 86852
87540000 97208
26065 266
87637208 26331
6616 155740
87663539 162356
9467 9045
87825895 18512
68365 1281
87844407 69646
24828 64
24892 16
87914053 24908
141568 22780
87938961 164348
258 126192
88103309 126450
49778 48907
88229759 98685
96888 13229
88328444 110117
16300 6
16306 21
88438561 16327
44590 44943
88454888 89533
15500 105516
88544421 121016
88474 56
88665437 88530
2699 26419
88753967 29118
7252 1383
88783085 8635
13301 52580
88791720 65881
10288 1442
88857601 11730
14458 109571
88869331 124029
68365 16042
88993360 84407
87623 6151
89077767 93774
59418 271
89171541 59689
88857601 385122
55606 28097
89242723 83703
41581 33034
89326426 74615
49420 44
49464 114
89401041 49578
468 73681
89450619 74149
292 74016
89524768 74308
68365 10616
89599076 78981
14785 44
14829 16
89678057 14845
16389 59266
89692902 75655
44652 162
89768557 44814
112108 57202
89813371 169310
1281 4
89982681 1285
12675 65004
89983966 77679
34679 1088
90061645 35767
118252 5
90097412 118257
41060 11
90215669 41071
35835 52867
90256740 88702
181097 673
181770 63
90345442 181833
19257 1222
90527275 20479
14087 104
90547754 14191
29287 16059
90561945 45346
77606 40960
90607291 118566
434419 135
434554 8
90725857 434562
62101 21721
91160419 83822
30419 357
30776 134
91244241 30910
19444 85592
91275151 105036
193352 329630
91380187 522982
55139 10616
91903169 65755
24828 33162
91968924 57990
40106 61
92026914 40167
7926 1112
92067081 9038
16042 23479
92076119 39521
78120 10272
92115640 88392
44174 86
92204032 44260
49223 5345
92248292 54568
27156 27109
92302860 54265
34996 33162
92357125 68158
3727 1576
92425283 5303
8927 33564
92430586 42491
70459 81519
92473077 151978
18852 54708
92625055 73560
76430 44230
92698615 120660
92819275 202
82 84632
92819477 84714
7886 242757
92904191 250643
191023 549
93154834 191572
76511 44943
93346406 121454
22316 18541
93467860 40857
6969 114
93508717 7083
43008 23537
93515800 66545
85420 20201
93582345 105621
46109 128205
93687966 174314
7 19285
93862280 19292
12040 4802
93881572 16842
8927 402
93898414 9329
629441 53067
682508 185049
93907743 867557
20713 34996
94775300 55709
13001 10356
94831009 23357
229227 26388
94854366 255615
60478 302660
95109981 363138
21774 1581
95473119 23355
12665 78120
95496474 90785
159440 673
95587259 160113
65871 80485
95747372 146356
51306 1498
95893728 52804
17419 5345
95946532 22764
21721 82042
95969296 103763
44 256
96073059 300
45900 50523
96073359 96423
147026 99087
96169782 246113
96415895 7529
121 313673
96423424 313794
7816 3
96737218 7819
4038 28992
96745037 33030
20750 75753
96778067 96503
24974 1088
96874570 26062
95880 42390
96900632 138270
38148 331261
97038902 369409
2162 26960
97408311 29122
38224 130253
97437433 168477
18738 167
97605910 18905
58552 51542
97624815 110094
108279 135
97734909 108414
59349 2631
97843323 61980
31635 789
97905303 32424
10081 280309
97937727 290390
202695 543
98228117 203238
527458 22777
550235 61
98431355 550296
91197 29972
98981651 121169
12665 21774
99102820 34439
45900 137250
99137259 183150
63731377 35646746
72999 79
99378123 73078
1574 13621
99451201 15195
35189 6
99466396 35195
4475 84162
99501591 88637
47448 286
99590228 47734
2314 168401
99637962 170715
55470 6703
99808677 62173
