3132
1 1
2 2
4 4
8 8
16 16
32 32
64 64
128 128
256 256
512 512
1024 1024
2048 2048
4096 4096
8192 8192
16384 16384
32768 32768
65536 65536
131072 131072
262144 262144
524288 524288
1048576 1048576
524288 262144
131072 65536
8192 1024
8 2
786432 196608
9216 10
983040 9226
2097152 992266
2097152 65536
16384 9226
256 16
4 2
2162688 25610
272 6
2188298 278
2188576 1
3089418 2188577
262144 131072
32768 9226
4096 2048
512 278
32 16
393216 41994
6144 790
48 4
435210 6934
442144 52
5277995 442196
196608 41994
16384 4096
1024 790
128 10
2 1
238602 20480
1814 138
259082 1952
261034 3
5720191 261037
786432 65536
6934 512
138 10
851968 7446
859414 148
5981228 859562
2188577 131072
41994 6144
512 128
2319649 48138
640 4
2367787 644
6840790 2368431
524288 48138
9226 4096
64 2
572426 13322
585748 66
9209221 585814
1048576 393216
16384 278
138 1
1441792 16662
1458454 139
9795035 1458593
262144 48138
9226 1024
512 66
32 3
310282 10250
578 35
320532 613
321145 10
11253628 321155
1048576 65536
20480 2048
644 16
1114112 22528
660 4
1136640 664
11574783 1137304
1458593 585814
25610 4096
278 138
2044407 29706
416 52
2074113 468
12712087 2074581
238602 468
239070 138
14786668 239208
585814 48138
13322 1024
664 3
633952 14346
667 4
648298 671
15025876 648969
48138 14346
1814 16
10 3
62484 1830
13 2
64314 15
15674845 64329
442196 32768
7446 35
474964 7481
482445 2
15739174 482447
393216 8192
468 3
401408 471
401879 6
16221621 401885
239208 13322
578 8
252530 586
253116 4
16623506 253120
65536 48138
10250 2048
790 35
113674 12298
825 64
125972 889
16876626 126861
786432 64329
128 8
850761 136
17003487 850897
786432 22528
2048 825
3 52
808960 2873
811833 55
17854384 811888
648969 48138
148 55
697107 203
697310 48
18666272 697358
648969 136
649105 2048
19363630 651153
1458593 126861
2873 64
1585454 2937
1588391 8
20014783 1588399
992266 32768
1952 55
1025034 2007
1027041 16
21603182 1027057
65536 9226
74762 9216
22630239 83978
22528 148
22676 3
22714217 22679
651153 13322
578 52
664475 630
22736896 665105
859562 113674
2937 660
973236 3597
23402001 976833
2368431 524288
6144 613
2892719 6757
2899476 138
24378834 2899614
3089418 401885
22679 512
35 4
3491303 23191
3514494 39
27278448 3514533
3597 74762
30792981 78359
1458593 48138
4096 1952
35 8
1506731 6048
1512779 43
30871340 1512822
131072 14346
889 6
145418 895
146313 64
32384162 146377
321155 65536
4096 52
386691 4148
390839 32
32530539 390871
482447 32768
6934 66
52 8
515215 7000
522215 60
32921410 522275
1048576 16662
2937 512
52 10
1065238 3449
1068687 62
33443685 1068749
1458593 41994
2048 15
1500587 2063
1502650 15
34512434 1502665
2097152 32768
4148 895
43 32
2129920 5043
2134963 75
36015099 2135038
321155 32768
1024 630
3 6
353923 1654
355577 9
38150137 355586
146377 16662
272 1024
163039 1296
38505723 164335
808960 1296
66 16
810256 82
38670058 810338
442196 1296
3 4
443492 7
39480396 443499
355586 23191
1296 66
378777 1362
380139 48
39923895 380187
2368431 131072
10250 1362
148 2
2499503 11612
2511115 150
40304082 2511265
196608 4148
416 13
200756 429
201185 10
42815347 201195
1137304 32768
5043 586
1170072 5629
1175701 15
43016542 1175716
2899614 32768
62 2048
2932382 2110
44192258 2934492
859562 48138
5043 66
907700 5109
912809 48
47126750 912857
401885 16662
1296 13
418547 1309
419856 4
48039607 419860
380187 671
380858 32
48459467 380890
2097152 29706
889 35
2126858 924
48840357 2127782
321155 16662
1362 62
337817 1424
339241 139
50968139 339380
665105 14346
6 128
679451 134
51307519 679585
164335 671
165006 272
51987104 165278
1588399 65536
7481 613
1653935 8094
1662029 3
52152382 1662032
1048576 10250
1058826 16
53814414 1058842
3514533 83978
25610 2937
429 15
3598511 28547
444 16
3627058 460
54873256 3627518
572426 5629
3 138
578055 141
58500774 578196
5277995 83978
10250 136
5361973 10386
5372359 586
59078970 5372945
3627518 474964
60 148
4102482 208
64451915 4102690
83978 6144
13 4
90122 17
68554605 90139
976833 2110
43 35
978943 78
68644744 979021
2511265 10386
2521651 272
69623765 2521923
2097152 16662
1814 10
2113814 1824
72145688 2115638
339380 13
339393 1024
74261326 340417
1512822 134
1512956 16384
74601743 1529340
239208 4148
416 138
243356 554
76131083 243910
786432 20480
17 471
806912 488
76374993 807400
65536 60
65596 4148
77182393 69744
321155 13322
924 15
334477 939
335416 66
77252137 335482
1662032 262144
6934 16
1924176 6950
1931126 4
77587619 1931130
1175716 41994
5629 139
1217710 5768
1223478 52
79518749 1223530
90139 16662
2110 3
106801 2113
108914 128
80742279 109042
1529340 14346
825 3
1543686 828
80851321 1544514
201195 29706
1654 39
230901 1693
232594 52
82395835 232646
340417 13322
10 64
353739 74
82628481 353813
697358 9226
444 9
706584 453
82982294 707037
165278 20480
3 48
185758 51
83689331 185809
707037 65596
1309 35
772633 1344
773977 6
83875140 773983
106801 924
107725 43
84649123 107768
165278 468
165746 512
84756891 166258
253120 3597
278 39
256717 317
257034 66
84923149 257100
482447 16662
2937 64
499109 3001
502110 32
85180249 502142
707037 16662
2937 8
723699 2945
85682391 726644
1662032 201195
20480 1814
1863227 22294
1885521 128
86409035 1885649
585814 41994
5768 17
627808 5785
88294684 633593
1175716 8192
488 9
1183908 497
88928277 1184405
243910 6144
203 138
250054 341
90112682 250395
1217710 1024
136 32
1218734 168
90363077 1218902
665105 3001
317 62
668106 379
91581979 668485
262144 41994
924 3449
304138 4373
92250464 308511
48138 8192
82 416
56330 498
92558975 56828
201195 25610
317 1296
226805 1613
92615803 228418
196608 2113
15 667
198721 682
92844221 199403
262144 25610
9 2873
287754 2882
93043624 290636
811888 5785
15 48
817673 63
93334260 817736
78359 2113
62 272
80472 334
94151996 80806
1543686 613
1544299 10
94232802 1544309
443499 23191
66 48
466690 114
95777111 466804
679585 9226
939 13
688811 952
689763 66
96243915 689829
772633 334
772967 512
96933744 773479
1662032 166258
16662 3
1828290 16665
1844955 2048
97707223 1847003
1588399 41994
35 138
1630393 173
99554226 1630566
502142 2063
504205 6757
101184792 510962
2521923 166258
16665 2113
2688181 18778
2706959 15
101695754 2706974
504205 2937
507142 10
104402728 507152
41994 895
42889 1830
104909880 44719
337817 75
337892 512
104954599 338404
524288 16665
1830 4
540953 1834
105293003 542787
48138 1834
49972 828
105835790 50800
1223530 113674
8192 66
1337204 8258
1345462 272
105886590 1345734
32768 5109
55 138
37877 193
107232324 38070
1223530 90139
7481 578
1313669 8059
1321728 3
107270394 1321731
2368431 50800
2110 1654
2419231 3764
108592125 2422995
262144 9226
55 2
271370 57
111015120 271427
443499 14346
1024 148
457845 1172
459017 10
111286547 459027
310282 7
310289 578
111745574 310867
1662032 126861
488 429
1788893 917
112056441 1789810
1027057 18778
790 2
1045835 792
113846251 1046627
1114112 7000
3 278
1121112 281
114892878 1121393
253120 173
253293 64
116014271 253357
1544514 25610
43 1814
1570124 1857
116267628 1571981
271427 9226
416 16
280653 432
117839609 281085
3089418 290636
9226 173
3380054 9399
3389453 128
118120694 3389581
2934492 69744
3001 60
3004236 3061
3007297 64
121510275 3007361
524288 2945
527233 468
124517636 527701
633952 8258
7 790
642210 797
125045337 643007
38070 114
38184 138
125688344 38322
2188577 90139
7481 60
2278716 7541
2286257 272
125726666 2286529
78359 1172
79531 173
128013195 79704
146377 6757
75 52
153134 127
128092899 153261
807400 334
807734 64
128246160 807798
912857 56828
281 924
969685 1205
129053958 970890
1662032 23191
334 512
1685223 846
130024848 1686069
14346 917
15263 471
131710917 15734
643007 1857
644864 2937
131726651 647801
3764 60
3824 138
132374452 3962
113674 7541
52 256
121215 308
132378414 121523
2135038 25610
924 664
2160648 1588
132499937 2162236
1223530 79704
43 66
1303234 109
134662173 1303343
1184405 29706
1830 664
1214111 2494
135965516 1216605
808960 644
809604 138
137182121 809742
1321728 1345462
137991863 2667190
2319649 3449
10 4
2323098 14
140659053 2323112
443499 9399
43 278
452898 321
142982165 453219
859562 18778
3 2
878340 5
143435384 878345
459027 497
459524 660
144313729 460184
542787 15734
317 66
558521 383
144773913 558904
466804 7481
474285 512
145332817 474797
1345734 42889
1362 52
1388623 1414
145807614 1390037
515215 429
515644 1024
147197651 516668
1068749 20480
66 272
1089229 338
147714319 1089567
482447 5109
13 272
487556 285
148803886 487841
668485 8258
78 667
676743 745
149291727 677488
585814 8094
593908 2063
149969215 595971
69744 168
69912 2048
150565186 71960
310867 2494
127 173
313361 300
150637146 313661
5361973 7481
5369454 15
150950807 5369469
83978 78
84056 3597
156320276 87653
726644 43
726687 10
156407929 726697
817736 114
817850 2945
157134626 820795
4102690 466804
3824 1693
4569494 5517
157955421 4575011
807798 272
808070 64
162530432 808134
250054 35
250089 2
163338566 250091
878345 792
879137 460
163588657 879597
912857 18778
379 3
931635 382
164468254 932017
201195 12298
640 32
213493 672
165400271 214165
820795 2494
203 3
823289 206
165614436 823495
697358 5785
703143 1309
166437931 704452
290636 10386
301022 924
167142383 301946
707037 2110
709147 2063
167444329 711210
1184405 16665
82 825
1201070 907
168155539 1201977
50800 3962
54762 939
169357516 55701
2188577 80806
379 48
2269383 427
169413217 2269810
185809 3824
74 32
189633 106
171683027 189739
1223530 32768
4373 168
1256298 4541
1260839 272
171872766 1261111
1223530 1654
1225184 2063
173133877 1227247
1345734 15734
272 4
1361468 276
174361124 1361744
84056 341
84397 1830
175722868 86227
3627518 419860
5517 792
4047378 6309
175809095 4053687
726697 8258
43 139
734955 182
179862782 735137
262144 3764
265908 5109
180597919 271017
3007361 50800
745 664
3058161 1409
180868936 3059570
84397 468
84865 272
183928506 85137
16665 285
16950 82
184013643 17032
250395 613
251008 52
184030675 251060
16950 301946
184281735 318896
3089418 113674
127 3061
3203092 3188
184600631 3206280
786432 17032
1654 35
803464 1689
187806911 805153
1458593 20480
62 139
1479073 201
188612064 1479274
1227247 25610
2007 8
1252857 2015
190091338 1254872
14346 134
14480 35
191346210 14515
772967 952
191360725 773919
321155 8258
43 203
329413 246
192134644 329659
1662032 15734
256 4
1677766 260
192464303 1678026
2511265 9399
168 138
2520664 306
194142329 2520970
150 4096
196663299 4246
572426 5109
278 128
577535 406
196667545 577941
1201977 1414
1203391 8192
197245486 1211583
86227 300
86527 939
198457069 87466
131072 7541
379 51
138613 430
198544535 139043
38184 459027
198683578 497211
378777 55
378832 16
199180789 378848
355586 2063
357649 15
199559637 357664
80806 554
81360 1830
199917301 83190
516668 4148
520816 32
200000491 520848
2135038 82
2135120 6144
200521339 2141264
232594 401408
202662603 634002
2368431 25610
2113 138
2394041 2251
2396292 48
203296605 2396340
992266 29706
2494 141
1021972 2635
205692945 1024607
1048576 5517
35 66
1054093 101
206717552 1054194
1218902 4373
13 52
1223275 65
207771746 1223340
1089567 20480
13 64
1110047 77
208995086 1110124
992266 7541
128 4
999807 132
210105210 999939
321155 2635
77 150
323790 227
211105149 324017
907700 2945
910645 671
211429166 911316
2521923 78359
630 55
2600282 685
212340482 2600967
251008 150
214941449 251158
38322 2
215192607 38324
688811 131072
215230931 819883
287754 136
287890 468
216050814 288358
786432 12298
660 2
798730 662
216339172 799392
806912 82
806994 139
217138564 807133
214165 2494
216659 917
217945697 217576
337892 114
338006 134
218163273 338140
281085 65
281150 4373
218501413 285523
340417 4541
344958 1424
218786936 346382
932017 15263
35 6
947280 41
219133318 947321
1137304 640
1137944 3
220080639 1137947
823495 17032
208 790
840527 998
221218586 841525
1261111 20480
416 3
1281591 419
222060111 1282010
1662032 7000
1669032 48
223342121 1669080
443499 435210
225011201 878709
711210 2063
713273 2937
225889910 716210
516668 62
516730 148
226606120 516878
1588399 25610
150 2007
1614009 2157
227122998 1616166
18778 825
19603 416
228739164 20019
1686069 49972
206 43
1736041 249
228759183 1736290
38184 707037
230495473 745221
453219 82
453301 1024
231240694 454325
453219 6
453225 32
231695019 453257
502142 1
232148276 502143
726697 2063
728760 660
232650419 729420
851968 7000
139 256
858968 395
233379839 859363
578196 39
578235 2048
234239202 580283
786432 825
787257 660
234819485 787917
1390037 19603
1409640 11612
235607402 1421252
56330 300
56630 3
237028654 56633
146377 2494
148871 1588
237085287 150459
25610 173
25783 682
237235746 26465
487841 2251
208 7
490092 215
237262211 490307
198721 13
198734 10
237752518 198744
1421252 8258
895 35
1429510 930
237951262 1430440
947321 3597
950918 471
239381702 951389
823495 6757
830252 4
240333091 830256
19603 10386
241163347 29989
1068749 13
1068762 10
241193336 1068772
595971 429
596400 6144
242262108 602544
2323112 38324
1362 667
2361436 2029
242864652 2363465
580283 8059
245228117 588342
2188577 54762
2243339 432
245816459 2243771
2188577 44719
939 630
2233296 1569
248060230 2234865
1686069 7000
139 138
1693069 277
250295095 1693346
189739 379
190118 1814
251988441 191932
1479274 173
1479447 66
252180373 1479513
435210 43
435253 6757
253659886 442010
148871 141
149012 825
254101896 149837
729420 3061
35 48
732481 83
254251733 732564
879597 17032
554 586
896629 1140
254984297 897769
787917 109
788026 3764
255882066 791790
507152 939
508091 82
256673856 508173
149012 52
149064 272
257182029 149336
253357 2007
255364 35
257331365 255399
466804 430
467234 4096
257586764 471330
596400 4148
600548 55
258058094 600603
357664 18778
13 148
376442 161
258658697 376603
261037 825
261862 139
259035300 262001
745221 15263
39 52
760484 91
259297301 760575
504205 114
504319 256
260057876 504575
65596 60
65656 55
260562451 65711
668485 828
669313 141
260628162 669454
90139 7000
134 278
97139 412
261297616 97551
201195 338
201533 917
261395167 202450
166258 1172
167430 1613
261597617 169043
527701 6309
78 150
534010 228
261766660 534238
202450 430
202880 1613
262300898 204493
651153 395
651548 2937
262505391 654485
3389581 80806
272 8
3470387 280
263159876 3470667
2422995 5629
2428624 6144
266630543 2434768
4575011 602544
6048 416
5177555 6464
269065311 5184019
386691 488
387179 2
274249330 387181
4102690 22294
35 128
4124984 163
274636511 4125147
1303343 2048
1305391 4
278761658 1305395
2521923 5629
2527552 1
280067053 2527553
6757 75
6832 10
282594606 6842
90139 682
90821 7
282601448 90828
809604 339241
282692276 1148845
42889 429
43318 790
283841121 44108
917 1585454
283885229 1586371
153261 6309
64 4
159570 68
285471600 159638
534238 5785
540023 453
285631238 540476
1662032 334
1662366 3597
286171714 1665963
8094 145418
287837677 153512
2527553 13322
60 640
2540875 700
287991189 2541575
199403 1205
200608 32
290532764 200640
1148845 15734
134 429
1164579 563
290733404 1165142
169043 6757
175800 1814
291898546 177614
97551 150
97701 7481
292076160 105182
602544 14515
64 8
617059 72
292181342 617131
527701 341
528042 5629
292798473 533671
2899614 18778
667 48
2918392 715
293332144 2919107
134 12298
296251251 12432
1512956 15263
16 2
1528219 18
296263683 1528237
3206280 460
3206740 578
297791920 3207318
357664 6950
364614 1952
300999238 366566
1305395 4541
1309936 14
301365804 1309950
80472 10386
302675754 90858
600603 2048
302766612 602651
353923 55
303369263 353978
281150 134
281284 2937
303723241 284221
841525 78
841603 1024
304007462 842627
2434768 23191
939 664
2457959 1603
304850089 2459562
2141264 1414
2142678 5785
307309651 2148463
149012 114
309458114 149126
1736290 38070
63 39
1774360 102
309607240 1774462
321155 468
321623 644
311381702 322267
1089567 18778
51 660
1108345 711
311703969 1109056
799392 35
799427 640
312813025 800067
951389 2063
953452 32
313613092 953484
217576 6757
10 32
224333 42
314566576 224375
1089567 201
1089768 1834
314790951 1091602
1529340 1140
1530480 7541
315882553 1538021
284221 5629
317420574 289850
300 807798
317710424 808098
1530480 6757
1537237 64
318518522 1537301
515644 468
516112 8
320055823 516120
851968 4148
856116 39
320571943 856155
177614 3188
180802 168
321428098 180970
243910 497
244407 62
321609068 244469
2074581 5109
341 2
2079690 343
321853537 2080033
542787 12432
136 272
555219 408
323933570 555627
15734 554
16288 2
324489197 16290
992266 1613
993879 1952
324505487 995831
139043 1309
140352 1952
325501318 142304
1479513 10386
895 148
1489899 1043
325643622 1490942
534238 2882
537120 272
327134564 537392
2422995 998
2423993 2251
327671956 2426244
907700 136
907836 278
330098200 908114
281150 355577
331006314 636727
87653 2007
331643041 89660
91 14480
331732701 14571
3389581 44719
2882 82
3434300 2964
331747272 3437264
830256 281
830537 6934
335184536 837471
4148 13
4161 48
336022007 4209
376442 153134
336026216 529576
196608 924
197532 889
336555792 198421
2499503 2882
2502385 554
336754213 2502939
689829 173
690002 2007
339257152 692009
281284 665105
339949161 946389
23191 498
23689 512
340895550 24201
679585 1654
681239 272
340919751 681511
380890 208
381098 4148
341601262 385246
204493 7000
52 272
211493 324
341986508 211817
1048576 429
1049005 16
342198325 1049021
1736290 29989
114 1814
1766279 1928
343247346 1768207
577535 1544299
345015553 2121834
310867 895
311762 64
347137387 311826
1736290 8258
889 32
1744548 921
347449213 1745469
602651 10386
148 52
613037 200
349194682 613237
504575 78
504653 2110
349807919 506763
555627 660
556287 644
350314682 556931
716210 1344
717554 2873
350871613 720427
669313 313661
351592040 982974
2323112 11612
471 52
2334724 523
352575014 2335247
1847003 2015
1849018 792
354910261 1849810
745221 10386
43 52
755607 95
356760071 755702
2115638 3001
2118639 828
357515773 2119467
859562 14571
874133 930
359635240 875063
3627518 42889
148 4
3670407 152
360510303 3670559
4125147 126861
1362 664
4252008 2026
364180862 4254034
1170072 2635
1172707 66
368434896 1172773
1091602 1569
1093171 2251
369607669 1095422
1205 125972
370703091 127177
2162688 7541
203 32
2170229 235
370830268 2170464
1205 321145
373000732 322350
2934492 14571
13 468
2949063 481
373323082 2949544
126861 138
126999 8
376272626 127007
735137 427
735564 6950
376399633 742514
2119467 444
2119911 1424
377142147 2121335
617131 630
617761 7481
379263482 625242
1165142 471
1165613 640
379888724 1166253
912857 7000
43 272
919857 315
381054977 920172
634002 682
634684 1362
381975149 636046
788026 2110
790136 16
382611195 790152
1121393 13322
790 6
1134715 796
383401347 1135511
153512 664
154176 278
384536858 154454
3627518 3597
3631115 664
384691312 3631779
401885 10
401895 1024
388323091 402919
2188577 26465
1344 416
2215042 1760
388726010 2216802
2541575 3962
2545537 4
390942812 2545541
125972 281
126253 74
393488353 126327
257100 1693
258793 7
393614680 258800
3598511 12298
35 52
3610809 87
393873480 3610896
5517 39
5556 55
397484376 5611
366566 6934
373500 64
397489987 373564
1252857 39
1252896 203
397863551 1253099
2029 773977
399116650 776006
381098 203
381301 15
399892656 381316
709147 306
709453 1693
400273972 711146
4254034 271017
4525051 28547
400985118 4553598
1309936 166258
405538716 1476194
185809 471
186280 48
407014910 186328
823495 497
823992 6048
407201238 830040
643007 5768
408031278 648775
297791920 111286547
201185 380139
409078467 581324
97701 324
98025 1409
409659791 99434
911316 444
911760 64
409759225 911824
169043 1362
170405 1024
410671049 171429
524288 321
524609 1205
410842478 525814
2600967 38324
3188 60
2639291 3248
2642539 139
411368292 2642678
932017 306
932323 3188
414010970 935511
879597 2251
881848 4373
414946481 886221
285523 16950
415832702 302473
627808 2015
629823 3001
416135175 632824
1834 668485
416767999 670319
1885649 2157
1887806 15734
417438318 1903540
90858 4373
95231 1654
419341858 96885
32768 4373
37141 62
419438743 37203
1931130 3824
1934954 208
419475946 1935162
1669080 3764
32 8
1672844 40
421411108 1672884
81360 1309
82669 7
423083992 82676
127177 3188
423166668 130365
204493 17
204510 2007
423297033 206517
454325 6
423503550 454331
1282010 667
1282677 2
423957881 1282679
792 1789810
425240560 1790602
85137 13
85150 578
427031162 85728
288358 667
289025 52
427116890 289077
1512956 13322
3 512
1526278 515
427405967 1526793
558904 11612
203 256
570516 459
428932760 570975
85728 648298
429503735 734026
44719 2882
47601 256
430237761 47857
1282679 8258
429 60
1290937 489
430285618 1291426
636727 1172
637899 208
431577044 638107
2121834 596400
432215151 2718234
206517 542787
434933385 749304
107768 498
108266 512
435682689 108778
803464 554
804018 43
435791467 804061
1935162 74762
2945 51
2009924 2996
436595528 2012920
457845 667
438608448 458512
10386 416
439066960 10802
109042 917
109959 790
439077762 110749
1863227 20019
39 136
1883246 175
439188511 1883421
504653 253293
441071932 757946
249 459017
441829878 459266
271017 704452
442289144 975469
2115638 281
2115919 16
443264613 2115935
534010 697310
445380548 1231320
555627 62
555689 278
446611868 555967
442196 138
442334 2
447167835 442336
180970 471
181441 66
447610171 181507
499109 138
499247 4
447791678 499251
186328 2882
189210 278
448290929 189488
110749 148
110897 48
448480417 110945
435253 3962
439215 1834
448591362 441049
346382 3001
349383 895
449032411 350278
542787 39
542826 1024
449382689 543850
2718234 99434
1654 613
2817668 2267
449926539 2819935
979021 828
979849 66
452746474 979915
2335247 3188
2338435 14346
453726389 2352781
14480 5785
456079170 20265
1261111 16290
1277401 42
456099435 1277443
1390037 106
1390143 9399
457376878 1399542
454331 1172707
458776420 1627038
50800 2937
53737 613
460403458 54350
11612 139
11751 10
460457808 11761
2080033 8258
640 6
2088291 646
460469569 2088937
166258 63
166321 134
462558506 166455
376442 1414
462724961 377856
308511 141
308652 644
463102817 309296
1388623 173
1388796 66
463412113 1388862
419860 3824
423684 468
464800975 424152
1148845 6048
1154893 8
465225127 1154901
255364 401879
466380028 657243
44719 1824
46543 32
467037271 46575
2352781 1309
2354090 1654
467083846 2355744
543850 5109
548959 35
469439590 548994
669454 401885
469988584 1071339
1630566 15263
136 278
1645829 414
471059923 1646243
353978 630
354608 613
472706166 355221
1530480 4246
1534726 825
473061387 1535551
38324 1857
40181 13
474596938 40194
3089418 97701
3187119 246
474637132 3187365
321155 64
477824497 321219
4254034 17032
4271066 1024
478145716 4272090
131072 13
131085 671
482417806 131756
776006 3061
779067 667
482549562 779734
232646 924
233570 203
483329296 233773
271427 6832
278259 2110
483563069 280369
1277401 1068687
483843438 2346088
1616166 3001
1619167 1952
486189526 1621119
364614 468
365082 16
487810645 365098
851968 1824
853792 512
488175743 854304
12432 13
12445 644
489030047 13089
2012920 141
2013061 22528
489043136 2035589
2368431 20265
17 10
2388696 27
491078725 2388723
5981228 707037
554 272
6688265 826
493467448 6689091
2502939 78
2503017 3449
500156539 2506466
1441792 13322
825 139
1455114 964
502663005 1456078
1291426 3764
1295190 43
504119083 1295233
911824 278
912102 32
505414316 912134
217576 55
217631 578
506326450 218209
1409640 9399
74 278
1419039 352
506544659 1419391
258800 921
507964050 259721
3389581 41994
203 586
3431575 789
508223771 3432364
522275 664
511656135 522939
2718234 26465
2744699 14480
512179074 2759179
543850 168
544018 128
514938253 544146
253357 432
253789 1344
515482399 255133
419860 3597
15 13
423457 28
515737532 423485
1693346 3001
1696347 55
516161017 1696402
435253 308
435561 1824
517857419 437385
3670559 121523
964 1654
3792082 2618
518294804 3794700
6464 201195
522089504 207659
908114 930
909044 460
522297163 909504
244469 1654
246123 3597
523206667 249720
181507 453
181960 1424
523456387 183384
1121393 3597
1124990 6
523639771 1124996
634002 90122
524764767 724124
1512956 2945
1515901 613
525488891 1516514
349383 35
527005405 349418
999939 3248
1003187 39
527354823 1003226
2127782 1409
2129191 416
528358049 2129607
516878 2007
518885 660
530487656 519545
401895 74
401969 148
531007201 402117
253293 633952
531409318 887245
16288 2044407
532296563 2060695
1935162 10802
1945964 29706
534357258 1975670
5981228 613237
285 82
6594465 367
536332928 6594832
1124990 90821
542927760 1215811
338404 416
338820 278
544143571 339098
841603 165278
544482669 1006881
1790602 10386
1800988 62
545489550 1801050
26465 55
26520 1814
547290600 28334
1114112 1693
1115805 3597
547318934 1119402
859562 3962
863524 1424
548438336 864948
280653 55
280708 64
549303284 280772
932323 168
932491 790
549584056 933281
897769 1570124
550517337 2467893
791790 127
791917 3597
552985230 795514
1006881 260
1007141 8094
553780744 1015235
1277443 429
1277872 1024
554795979 1278896
555219 3
556074875 555222
1291426 138
1291564 2
556630097 1291566
183384 952
184336 630
557921663 184966
169043 35
169078 148
558106629 169226
439215 672
439887 444
558275855 440331
288358 43
558716186 288401
324017 460
324477 2007
559004587 326484
657243 6144
13 48
663387 61
559331071 663448
4272090 214165
792 317
4486255 1109
559994519 4487364
109959 742514
564481883 852473
2148463 6464
75 62
2154927 137
565334356 2155064
1027057 1928
1028985 14571
567489420 1043556
646 647801
568532976 648447
69912 48138
569181423 118050
131756 3962
135718 1172
569299473 136890
1390143 825
1390968 613
569436363 1391581
1058842 193
1059035 2
570827944 1059037
17032 338
17370 1344
571886981 18714
644864 134
644998 256
571905695 645254
1295233 310867
572550949 1606100
290636 453
291089 5043
574157049 296132
790152 471
790623 4
574453181 790627
602651 4148
606799 471
575243808 607270
703143 250091
575851078 953234
1627038 78
1627116 272
576804312 1627388
657243 556287
578431700 1213530
233773 1068749
579645230 1302522
169226 1603
580947752 170829
1175716 792
1176508 1952
581118581 1178460
504653 1424
506077 55
582297041 506132
548994 3188
552182 889
582803173 553071
10802 931635
583356244 942437
311826 201195
584298681 513021
779734 895
780629 825
584811702 781454
16384 66
16450 10
585593156 16460
2335247 51
585609616 2335298
90858 1205
92063 2937
587944914 95000
3598511 4541
57 317
3603052 374
588039914 3603426
20265 350278
591643340 370543
1184405 3962
1188367 114
592013883 1188481
378848 334
379182 453
593202364 379635
95000 251158
593581999 346158
504205 498
593928157 504703
1277872 613
1278485 139
594432860 1278624
1903540 9399
317 48
1912939 365
595711484 1913304
668106 648298
597624788 1316404
142304 1654
143958 139
598941192 144097
638107 106
638213 1296
599085289 639509
50800 672
51472 2007
599724798 53479
251158 1172
252330 138
599778277 252468
265908 917
266825 790
600030745 267615
338820 201185
600298360 540005
340417 308
340725 2063
600838365 342788
460184 1414
461598 924
601181153 462522
326484 468
326952 32
601643675 326984
127007 6757
601970659 133764
255133 670319
602104423 925452
218209 1834
220043 1296
603029875 221339
22679 114
22793 134
603251214 22927
734026 979021
603274141 1713047
1645829 232646
604987188 1878475
2459562 109
2459671 3764
606865663 2463435
56828 13
609329098 56841
149064 6
609385939 149070
516878 141
517019 924
609535009 517943
329659 497
610052952 330156
14571 353923
610383108 368494
202450 193
202643 52
610751602 202695
18778 250395
610954297 269173
2029 1479073
611223470 1481102
142304 182
612704572 142486
1458593 13089
148 8
1471682 156
612847058 1471838
1391581 711210
614318896 2102791
71960 586
72546 664
616421687 73210
912857 343
913200 2937
616494897 916137
528042 640
528682 52
617411034 528734
89660 460
617939768 90120
1065238 630
1065868 128
618029888 1065996
1121393 101
1121494 2494
619095884 1123988
1863227 4096
1867323 8
620219872 1867331
424152 468
424620 139
622087203 424759
1544514 14480
16 4
1558994 20
622511962 1559014
118050 75
118125 272
624070976 118397
346382 685
347067 1689
624189373 348756
218209 444
218653 1024
624538129 219677
887245 193
887438 5109
624757806 892547
2323112 134
2323246 3597
625650353 2326843
625242 1693
626935 7
627977196 626942
1745469 150
1745619 13322
628604138 1758941
717554 671
718225 32
630363079 718257
4487364 4148
4491512 889
631081336 4492401
474964 2063
477027 3597
635573737 480624
1095422 3597
1099019 7446
636054361 1106465
2129191 419
637160826 2129610
423457 149126
639290436 572583
3491303 1857
3493160 3597
639863019 3496757
26520 792
27312 471
643359776 27783
581324 667
581991 1952
643387559 583943
40181 662
643971502 40843
2642678 109
2642787 16665
644012345 2659452
24201 17
646671797 24218
979915 190118
646696015 1170033
570975 1282679
647866048 1853654
301946 790
649719702 302736
4272090 126253
4398343 5785
650022438 4404128
2188577 12445
2201022 379
654426566 2201401
202643 596400
656627967 799043
4575011 55701
317 64
4630712 381
657427010 4631093
253789 490307
662058103 744096
109959 91
662802199 110050
2044407 8258
613 278
2052665 891
662912249 2053556
2170464 15263
2185727 1824
664965805 2187551
1760 29706
667153356 31466
167430 453
167883 828
667184822 168711
1588399 13322
1601721 48
667353533 1601769
460184 664
460848 148
668955302 460996
837471 228
669416298 837699
452898 60
452958 256
670253997 453214
309296 13
309309 640
670707211 309949
402919 6757
409676 8
671017160 409684
457845 613
671426844 458458
326984 613037
671885302 940021
95231 51
95282 1296
672825323 96578
735564 5517
741081 790
672921901 741871
1295233 1834
1297067 1824
673663772 1298891
3207318 136890
682 66
3344208 748
674962663 3344956
1203391 412
1203803 4096
678307619 1207899
2618 90821
679515518 93439
881848 630
882478 2
679608957 882480
313661 63
313724 272
680491437 313996
310289 107768
680805433 418057
983040 6842
989882 14
681223490 989896
4053687 17032
4070719 2113
682213386 4072832
2035589 1760
2037349 3188
686286218 2040537
643007 127
643134 640
688326755 643774
453301 640
453941 148
688970529 454089
490307 1043
491350 1952
689424618 493302
378777 2188298
689917920 2567075
48138 797
48935 895
692484995 49830
311762 79704
692534825 391466
99434 1309
100743 139
692926291 100882
20480 468
20948 272
693027173 21220
4631093 507142
5138235 578
693048393 5138813
718257 1830
720087 139
698187206 720226
2600967 379
2601346 3597
698907432 2604943
221339 1441792
701512375 1663131
330156 2945
333101 644
703175506 333745
133764 1296
135060 136
703509251 135196
357664 952
358616 2937
703644447 361553
979915 321
980236 828
704006000 981064
1231320 6950
1238270 924
704987064 1239194
1261111 2494
1263605 613
706226258 1264218
301946 114
302060 139
707490476 302199
154454 200
707792675 154654
3794700 202450
3997150 77
707947329 3997227
1024607 66
1024673 32
711944556 1024705
1305395 2945
1308340 644
712969261 1308984
126327 55
126382 48
714278245 126430
381316 1952
383268 278
714404675 383546
491350 460
491810 64
714788221 491874
748 198734
715280095 199482
381316 198721
715479577 580037
654485 82
654567 1952
716059614 656519
1399542 1362
1400904 272
716716133 1401176
280772 4148
718117309 284920
1028985 9399
64 32
1038384 96
718402229 1038480
224375 1172
225547 173
719440709 225720
1414 226805
719666429 228219
110050 379
110429 64
719894648 110493
1975670 1205
1976875 578
720005141 1977453
365098 427
365525 667
721982594 366192
168711 60
168771 138
722348786 168909
32768 3824
36592 488
722517695 37080
629823 792
630615 889
722554775 631504
1361744 13322
578 139
1375066 717
723186279 1375783
1049021 379
1049400 1424
724562062 1050824
46575 201195
725612886 247770
443499 8258
451757 256
725860656 452013
255364 56828
726312669 312192
2102791 296132
726624861 2398923
2074581 471
2075052 644
729023784 2075696
277 817850
731099480 818127
2121834 35
2121869 1814
731917607 2123683
100882 1952
102834 278
734041290 103112
913200 141
913341 1654
734144402 914995
607270 148
607418 256
735059397 607674
3670559 86527
62 35
3757086 97
735667071 3757183
85137 168
739424254 85305
648298 786432
739509559 1434730
540953 939
541892 82
740944289 541974
617761 77
617838 5629
741486263 623467
1630566 554
1631120 9226
742109730 1640346
626942 74
627016 148
743750076 627164
558904 3449
562353 586
744377240 562939
393216 235
393451 5629
744940179 399080
2115935 586
2116521 16
745339259 2116537
31466 630
32096 586
747455796 32682
631504 1409
747488478 632913
795514 554
796068 43
748121391 796111
2243771 13
2243784 14346
748917502 2258130
246123 578
246701 272
751175632 246973
1264218 10386
55 272
1274604 327
751422605 1274931
189210 78
189288 35
752697536 189323
467234 60
467294 630
752886859 467924
493302 558904
753354783 1052206
284920 648447
754406989 933367
181960 644
182604 3
755340356 182607
1544514 1603
1546117 5629
755522963 1551746
1774462 10802
453 256
1785264 709
757074709 1785973
1935162 644
1935806 10
758860682 1935816
1231320 6309
60 48
1237629 108
760796498 1237737
457845 979021
762034235 1436866
840527 2015
763471101 842542
1570124 208
1570332 150
764313643 1570482
572583 213493
765884125 786076
499251 239070
766670201 738321
110945 1824
112769 578
767408522 113347
149064 515215
767521869 664279
40843 341
41184 64
768186148 41248
2639291 355586
768227396 2994877
90821 9399
771222273 100220
170405 15
170420 16
771322493 170436
1093171 148
1093319 10
771492929 1093329
3207318 22294
75 48
3229612 123
772586258 3229735
333101 921
775815993 334022
1115805 109
1115914 2873
776150015 1118787
799427 1693069
777268802 2492496
344958 338
779761298 345296
20265 153512
780106594 173777
4272090 37203
444 10
4309293 454
780280371 4309747
4631093 100743
4731836 211493
784590118 4943329
221339 1024
222363 512
789533447 222875
452958 127177
789756322 580135
1653935 215
1654150 2635
790336457 1656785
55701 317
56018 60
791993242 56078
1091602 895
1092497 613
792049320 1093110
90828 4096
793142430 94924
3597 148
793237354 3745
308652 16384
793241099 325036
424759 1830
426589 671
793566135 427260
142304 26465
793993395 168769
1253099 471
1253570 640
794162164 1254210
26520 110897
795416374 137417
471330 468
471798 64
795553791 471862
602651 64329
796025653 666980
3089418 65711
2873 48
3155129 2921
796692633 3158050
1071339 3962
1075301 341
799850683 1075642
799043 23191
800926325 822234
724124 383
724507 1834
801748559 726341
271427 341
271768 2945
802474900 274713
2368431 9399
613 148
2377830 761
802749613 2378591
401885 524288
805128204 926173
439887 150
440037 148
806054377 440185
1184405 1689
1186094 57
806494562 1186151
2601346 15
2601361 644
807680713 2602005
32096 66
32162 128
810282718 32290
467924 432
468356 1857
810315008 470213
150459 664
151123 613
810785221 151736
418057 91
810936957 418148
3229735 89660
64 16
3319395 80
811355105 3319475
28334 232594
814674580 260928
1054194 453
1054647 889
814935508 1055536
583943 82676
815991044 666619
1760 321145
816657663 322905
291089 828
291917 3597
816980568 295514
792 6934
817276082 7726
37080 846
817283808 37926
3089418 51472
168 1830
3140890 1998
817321734 3142888
239208 2937
242145 13
820464622 242158
681511 57
681568 2048
820706780 683616
207659 72
207731 3188
821390396 210919
1586371 334
821601315 1586705
131085 7000
823188020 138085
339098 109959
823326105 449057
2396340 139
823775162 2396479
1003226 2157
1005383 998
826171641 1006381
114 226805
827178022 226919
146377 78
146455 2007
827404941 148462
856155 2007
858162 13
827553403 858175
513021 429
513450 75
828411578 513525
1052206 471
1052677 660
828925103 1053337
154176 321
829978440 154497
1124996 6842
1131838 453
830132937 1132291
540953 578196
831265228 1119149
304138 235
304373 2635
832384377 307008
159638 2113
161751 15
832691385 161766
1528237 790
1529027 4
832853151 1529031
150459 4148
834382182 154607
1399542 578196
834536789 1977738
895 8192
836514527 9087
667 22528
836523614 23195
596400 644
597044 10
836546809 597054
580037 1095422
837143863 1675459
1166253 276
1166529 3061
838819322 1169590
1516514 4373
1520887 136
839988912 1521023
657243 2251
659494 48
841509935 659542
1165142 1585454
842169477 2750596
56018 324
844920073 56342
118397 613
119010 272
844976415 119282
219677 13
219690 16
845095697 219706
313996 792
314788 889
845315403 315677
90858 667
91525 35
845631080 91560
613237 1362
845722640 614599
189210 2882
846337239 192092
1316404 939
1317343 208
846529331 1317551
304373 586
304959 471
847846882 305430
315677 644
316321 10
848152312 316331
32768 1654
34422 64
848468643 34486
811833 664
848503129 812497
499109 807400
849315626 1306509
491874 586
492460 640
850622135 493100
154654 3061
157715 1296
851115235 159011
537120 15
537135 138
851274246 537273
677488 203
677691 148
851811519 677839
745 2945
852489358 3690
186328 2157
188485 664
852493048 189149
1669080 341
1669421 512
852682197 1669933
558904 300
559204 2494
854352130 561698
18778 379
19157 9
854913828 19166
4404128 62484
341 74
4466612 415
854932994 4467027
892547 432
859400021 892979
499251 1172773
860293000 1672024
449057 27
449084 1760
861965024 450844
493302 3188
496490 498
862415868 496988
393451 235
393686 2945
862912856 396631
1801050 20948
15 138
1821998 153
863309487 1822151
370543 563
371106 2251
865131638 373357
1178460 939
1179399 208
865504995 1179607
326484 138
326622 32
866684602 326654
2388723 257034
867011256 2645757
600548 153134
869657013 753682
260928 309949
870410695 570877
627164 940021
870981572 1567185
452013 15
452028 578
872548757 452606
424152 2012920
873001363 2437072
2819935 315
2820250 9226
875438435 2829476
126382 202643
878267911 329025
6840790 250091
7090881 772967
878596936 7863848
324477 488
324965 48
886460784 325013
51472 3
51475 128
886785797 51603
3514533 71960
35 2
3586493 37
886837400 3586530
2759179 5109
2764288 148
890423930 2764436
1345734 797
1346531 138
893188366 1346669
340417 22528
894535035 362945
41248 554
41802 60
894897980 41862
643774 1857
894939842 645631
3670559 82669
3753228 383
895585473 3753611
578235 49972
899339084 628207
2545541 12298
2557839 7446
899967291 2565285
127177 82
127259 1024
902532576 128283
302473 533671
902660859 836144
800067 1689
801756 256
903497003 802012
1308984 224333
904299015 1533317
1640346 515
1640861 4148
905832332 1645009
300 232646
907477341 232946
383546 118050
907710287 501596
222875 51
222926 203
908211883 223129
2286529 175
2286704 22294
908435012 2308998
200756 25610
910744010 226366
634002 272
634274 10
910970376 634284
1672024 126999
911604660 1799023
1005383 429
1005812 148
913403683 1005960
1291566 168
1291734 2048
914409643 1293782
459 859414
915703425 859873
449057 200640
916563298 649697
1237737 265908
917212995 1503645
90120 732564
918716640 822684
342788 42889
919539324 385677
23689 379
24068 55
919925001 24123
5981228 56841
57 3449
6038069 3506
919949124 6041575
562939 1654
564593 630
925990699 565223
787917 482445
926555922 1270362
56633 16
927826284 56649
577535 182
927882933 577717
651548 1588
653136 136
928460650 653272
257034 8094
929113922 265128
1043 380890
929379050 381933
897769 306
898075 7541
929760983 905616
2388723 2945
2391668 278
930666599 2391946
63 125972
933058545 126035
2764436 32096
2796532 792
933184580 2797324
1785973 1613
1787586 15
935981904 1787601
313996 341
314337 64
937769505 314401
34422 252468
938083906 286890
186280 42889
938370796 229169
2355744 828
2356572 444
938599965 2357016
9399 613
10012 139
940956981 10151
412 37877
940967132 38289
140352 253116
941005421 393468
467294 85728
941398889 553022
1903540 453
1903993 60
941951911 1904053
830537 895
831432 790
943855964 832222
21220 55701
944688186 76921
518885 78
518963 416
944765107 519379
362945 139
363084 8
945284486 363092
688811 664
689475 148
945647578 689623
643774 416
644190 64
946337201 644254
181960 3248
946981455 185208
470213 671
470884 416
947166663 471300
2437072 10386
2447458 48
947637963 2447506
525814 55
525869 52
950085469 525921
738321 917
739238 644
950611390 739882
2764436 19157
2783593 660
951351272 2784253
842627 4246
846873 825
954135525 847698
324477 150
324627 16
954983223 324643
1515901 97701
955307866 1613602
173777 828
174605 578
956921468 175183
729420 1928
731348 51
957096651 731399
51603 1631120
957828050 1682723
471300 1544514
959510773 2015814
976833 1362
978195 66
961526587 978261
1239194 2110
1241304 148
962504848 1241452
452606 1745619
963746300 2198225
753682 1613
755295 17
965944525 755312
2964 15263
966699837 18227
233773 259082
966718064 492855
1337204 1689
1338893 256
967210919 1339149
1887806 310289
968550068 2198095
287754 5629
970748163 293383
399080 355221
971041546 754301
3089418 32290
3121708 383
971795847 3122091
717 338820
974917938 339537
2659452 306
2659758 2113
975257475 2661871
796 85137
977919346 85933
167883 136890
978005279 304773
487841 150
487991 278
978310052 488269
393686 317
394003 1309
978798321 395312
2088291 14346
979193633 2102637
311762 671
981296270 312433
418547 9
418556 35
981608703 418591
1689 1027041
982027294 1028730
224375 1569
983056024 225944
602544 665105
983281968 1267649
350278 3001
353279 203
984549617 353482
1186151 217631
984903099 1403782
144097 1223478
986306881 1367575
17370 186280
987674456 203650
1790602 5785
1796387 8
987878106 1796395
1106465 1654
1108119 48
989674501 1108167
828 393216
990782668 394044
2323098 35
991176712 2323133
1015235 281
1015516 4148
993499845 1019664
1164579 1184405
994519509 2348984
91560 72
996868493 91632
556287 329659
996960125 885946
1430440 139
1430579 148
997846071 1430727
679585 630
680215 586
999276798 680801
