2746
1 1
2 2
4 1
4 4
8 8
16 16
32 32
64 64
128 128
256 256
512 512
1024 1024
2048 2048
4096 4096
8192 8192
16384 16384
32768 32768
65536 65536
131072 131072
262144 262144
524288 524288
1048576 1048576
2097152 2097152
4194304 4194304
8388608 8388608
16777216 16777216
33554432 33554432
33554432 16777216
4194304 1048576
524288 131072
65536 32768
16384 2048
1024 256
16 5
50331648 5242880
655360 98304
18432 1280
55574528 753664
19712 21
56328192 19733
67108864 56347925
131072 19733
2048 1280
256 64
21 2
150805 3328
320 23
154133 343
123456789 154476
753664 154476
32768 16384
512 256
32 2
908140 49152
768 34
957292 802
958094 1
123611265 958095
262144 65536
802 128
5 2
327680 930
328610 7
124569360 328617
1048576 262144
49152 8192
4096 2048
512 128
8 2
1310720 57344
6144 640
1368064 6784
1374848 10
124897977 1374858
958095 32768
3328 320
990863 3648
994511 4
126272835 994515
753664 57344
4096 640
32 8
811008 4736
815744 40
127267350 815784
524288 65536
4736 930
589824 5666
595490 5
128083134 595495
1374858 131072
16384 802
16 4
1505930 17186
1523116 20
128678629 1523136
1374858 17186
1392044 6784
130201765 1398828
1048576 154476
640 65536
1203052 66176
131600593 1269228
262144 32768
1024 40
294912 1064
295976 7
132869821 295983
1398828 57344
3648 40
1456172 3688
1459860 343
133165804 1460203
1203052 4736
1207788 64
134626007 1207852
815784 49152
6784 1280
5 4
864936 8064
873000 9
135833859 873009
328617 154476
930 32768
483093 33698
136706868 516791
19733 5666
10 64
25399 74
137223659 25473
154476 802
74 32
155278 106
137249132 155384
595495 19733
4096 128
106 10
615228 4224
619452 116
137404516 619568
155384 66176
25473 3328
64 4
221560 28801
68 2
250361 70
138024084 250431
262144 19733
116 34
281877 150
138274515 282027
1523136 155384
1280 640
20 32
1678520 1920
1680440 52
138556542 1680492
753664 3688
320 4
757352 324
140237034 757676
155384 33698
8192 4736
343 68
189082 12928
411 20
202010 431
140994710 202441
6784 1064
68 21
7848 89
141197151 7937
12928 2048
150 23
14976 173
141205088 15149
619568 19733
2048 23
639301 2071
641372 1024
141220237 642396
873009 28801
1920 74
901810 1994
903804 23
141862633 903827
642396 328617
142766460 971013
994515 25473
2071 9
1019988 2080
1022068 930
143737473 1022998
1022998 8192
930 40
1031190 970
1032160 21
144760471 1032181
282027 512
52 7
282539 59
145792652 282598
1048576 66176
8192 4224
1114752 12416
1127168 8
146075250 1127176
757676 8192
431 34
765868 465
766333 8
147202426 766341
595495 2080
9 1024
597575 1033
147968767 598608
66176 28801
1920 64
94977 1984
96961 5
148567375 96966
1032181 802
64 16
1032983 80
148664341 1033063
1310720 19733
1064 116
1330453 1180
1331633 8
149697404 1331641
1331641 21
1331662 32768
151029045 1364430
873009 8192
2080 7
881201 2087
883288 512
152393475 883800
483093 28801
1280 89
511894 1369
513263 52
153277275 513315
1460203 28801
21 128
1489004 149
153790590 1489153
1207852 25473
1984 40
1233325 2024
155279743 1235349
1523136 98304
3328 7
1621440 3335
1624775 256
156515092 1625031
1523136 49152
1369 40
1572288 1409
1573697 23
158140123 1573720
908140 8192
512 34
916332 546
916878 23
159713843 916901
221560 19733
640 34
241293 674
241967 8
160630744 241975
766341 18432
674 74
784773 748
785521 16
160872719 785537
328617 66176
4736 512
394793 5248
400041 16
161658256 400057
1460203 5248
324 32
1465451 356
162058313 1465807
328617 25473
2087 128
354090 2215
356305 16
163524120 356321
1310720 12928
1409 324
1323648 1733
1325381 34
163880441 1325415
1398828 33698
1409 20
1432526 1429
1433955 256
165205856 1434211
1680492 12928
68 1064
1693420 1132
166640067 1694552
1694552 4736
173 20
1699288 193
168334619 1699481
1033063 6144
320 21
1039207 341
170034100 1039548
655360 8192
3335 256
663552 3591
171073648 667143
400057 49152
1369 1984
449209 3353
171740791 452562
483093 19733
2215 320
502826 2535
505361 16
172193353 505377
1398828 28801
465 150
1427629 615
172698730 1428244
33698 6144
9 512
39842 521
174126974 40363
619568 18432
970 2
638000 972
174167337 638972
155384 2071
157455 5
174806309 157460
1127176 19733
116 4224
1146909 4340
174963769 1151249
94977 546
34 8
95523 42
176115018 95565
12928 1994
9 10
14922 19
176210583 14941
1523136 33698
4736 341
1556834 5077
1561911 32
176225524 1561943
452562 16384
52 10
468946 62
177787467 469008
452562 8192
2535 546
460754 3081
463835 89
178256475 463924
994515 193
994708 4736
178720399 999444
1151249 19733
341 3688
1170982 4029
179719843 1175011
1398828 19733
3353 2024
1418561 5377
180894854 1423938
1233325 1429
256 23
1234754 279
1235033 5
182318792 1235038
815784 8192
411 9
823976 420
183553830 824396
328617 19733
748 8
348350 756
349106 4
184378226 349110
1235349 28801
149 52
1264150 201
184727336 1264351
785537 8192
2535 116
793729 2651
185991687 796380
766341 8192
2080 1920
774533 4000
186788067 778533
1573720 39842
2 1
1613562 3
187566600 1613565
1264351 1180
8 5
1265531 13
189180165 1265544
157460 25473
1132 10
182933 1142
190445709 184075
999444 18432
431 74
1017876 505
190629784 1018381
642396 12416
23 64
654812 87
191648165 654899
1235349 12928
1180 40
1248277 1220
1249497 16
192303064 1249513
1033063 2087
52 40
1035150 92
193552577 1035242
971013 2071
973084 4
194587819 973088
598608 15149
7 512
613757 519
195560907 614276
250431 6784
279 149
257215 428
196175183 257643
356321 25473
802 74
381794 876
382670 7
196432826 382677
667143 49152
6144 193
716295 6337
722632 128
196815503 722760
1364430 465
1364895 2
197538263 1364897
873009 5666
80 324
878675 404
198903160 879079
1680492 2215
19 256
1682707 275
199782239 1682982
1269228 8192
19 193
1277420 212
201465221 1277632
524288 57344
5666 150
581632 5816
587448 5
202742853 587453
282598 4029
286627 640
203330306 287267
1114752 2651
1117403 20
203617573 1117423
824396 8192
3591 42
832588 3633
836221 4
204734996 836225
98304 8192
341 1180
106496 1521
205571221 108017
1175011 12928
1220 431
1187939 1651
205679238 1189590
836225 19733
1180 1033
855958 2213
206868828 858171
250431 279
10 23
250710 33
207726999 250743
1613565 674
1614239 52
207977742 1614291
221560 18432
275 411
239992 686
209592033 240678
1189590 349110
209832711 1538700
1175011 2651
212 42
1177662 254
211371411 1177916
513315 1733
70 64
515048 134
212549327 515182
722760 2215
149 23
724975 172
213064509 725147
108017 8192
3353 74
116209 3427
119636 2
213789656 119638
1625031 17186
1642217 1024
213909294 1643241
1151249 8192
1920 34
1159441 1954
1161395 23
215552535 1161418
257643 2213
259856 640
216713953 260496
1489153 92
1489245 2087
216974449 1491332
1392044 4736
74 2
1396780 76
218465781 1396856
973088 16384
7 4
989472 11
219862637 989483
295983 28801
324784 512
220852120 325296
295983 5666
301649 768
221177416 302417
1234754 154476
221479833 1389230
796380 3633
800013 7937
222869063 807950
262144 2215
264359 80
223677013 264439
855958 68
856026 640
223941452 856666
1235349 1142
1236491 7937
224798118 1244428
667143 19733
1954 674
686876 2628
226042546 689504
469008 134
469142 6144
226732050 475286
958095 1984
960079 6784
227207336 966863
1159441 13
1159454 356
228174199 1159810
1277632 6784
20 512
1284416 532
229334009 1284948
1207852 972
1208824 18432
230618957 1227256
807950 42
807992 9
231846213 808001
202441 6337
208778 356
232654214 209134
619568 5666
7 34
625234 41
232863348 625275
1418561 41
1418602 356
233488623 1418958
57344 2213
59557 106
234907581 59663
878675 76
878751 172
234967244 878923
613757 513315
235846167 1127072
722760 1142
723902 674
236973239 724576
157460 19733
756 4
177193 760
237697815 177953
1018381 595495
237875768 1613876
1561943 4340
1566283 70
239489644 1566353
916901 17186
68 74
934087 142
241055997 934229
587453 87
587540 640
241990226 588180
800013 1733
172 13
801746 185
242578406 801931
625275 4000
629275 8192
243380337 637467
1434211 5377
150 128
1439588 278
244017804 1439866
524288 12928
1429 40
537216 1469
245457670 538685
774533 87
774620 748
245996355 775368
460754 1429
23 5
462183 28
246771723 462211
1643241 25473
2080 256
1668714 2336
247233934 1671050
505377 80
505457 802
248904984 506259
1249513 6784
173 150
1256297 323
249411243 1256620
960079 2213
962292 2080
250667863 964372
328617 341
328958 4224
251632235 333182
1284948 8192
62 1033
1293140 1095
251965417 1294235
1423938 1033
1424971 2080
253259652 1427051
667143 7848
674991 1024
254686703 676015
209134 642396
255362718 851530
1505930 6784
52 512
1512714 564
256214248 1513278
40363 6144
70 116
46507 186
257727526 46693
1682982 7848
34 4
1690830 38
257774219 1690868
973088 33
973121 279
259465087 973400
66176 18432
615 640
84608 1255
260438487 85863
901810 760
902570 686
260524350 903256
328958 615
329573 341
261427606 329914
1432526 640
1433166 7
261757520 1433173
1048576 16384
465 64
1064960 529
263190693 1065489
1117423 505
1117928 13
264256182 1117941
333182 3081
20 64
336263 84
265374123 336347
1428244 3353
64 8
1431597 72
265710470 1431669
209134 519
267142139 209653
184075 2651
23 128
186726 151
267351792 186877
1256620 6337
1262957 356
267538669 1263313
524288 8192
1409 23
532480 1432
268801982 533912
1573720 25473
615 8
1599193 623
269335894 1599816
483093 2628
485721 615
270935710 486336
538685 32768
87 193
571453 280
271422046 571733
221560 16384
92 411
237944 503
271993779 238447
1244428 1142
1245570 674
272232226 1246244
1418602 193
1418795 59
273478470 1418854
546 1203052
274897324 1203598
1019988 411
1020399 5
276100922 1020404
1269228 1033
1270261 4
277121326 1270265
400057 28801
768 4
428858 772
278391591 429630
241975 3591
245566 40
278821221 245606
1469 1280
279066827 2749
98304 5377
7 23
103681 30
279069576 103711
1368064 546
1368610 1994
279173287 1370604
1439866 8192
186 1220
1448058 1406
280543891 1449464
356321 519
356840 1142
281993355 357982
189082 6784
20 640
195866 660
282351337 196526
934229 6144
74 8
940373 82
282547863 940455
19733 1142
20875 3353
283488318 24228
189082 4224
74 34
193306 108
283512546 193414
6337 766333
283705960 772670
1277632 1142
284478630 1278774
1161418 4000
1165418 1033
285757404 1166451
916901 6337
923238 615
286923855 923853
119638 151
119789 5816
287847708 125605
725147 17186
74 16
742333 90
287973313 742423
336347 6337
342684 615
288715736 343299
1177916 278
1178194 5377
289059035 1183571
486336 6784
201 279
493120 480
290242606 493600
742333 38
290736206 742371
394793 320
395113 16
291478577 395129
973400 8192
760 23
981592 783
291873706 982375
903827 532
904359 1024
292856081 905383
302417 766341
293761464 1068758
264439 38
264477 7848
294830222 272325
856666 20
856686 343
295102547 857029
1625031 8192
1733 2215
1633223 3948
295959576 1637171
1178194 503
1178697 4096
297596747 1182793
1566353 5666
11 134
1572019 145
298779540 1572164
302417 760
303177 19733
300351704 322910
538685 28801
3591 34
567486 3625
300674614 571111
303177 16
303193 2
301245725 303195
1175011 516791
301548920 1691802
775368 2215
777583 68
303240722 777651
1694552 2071
1696623 4
304018373 1696627
157460 8192
89 20
165652 109
305715000 165761
1048576 12928
7 1280
1061504 1287
305880761 1062791
157460 2749
256 4
160209 260
306943552 160469
742423 1369
743792 343
307104021 744135
1227256 356321
307848156 1583577
66176 15149
970 40
81325 1010
309431733 82335
1513278 6784
768 23
1520062 791
309514068 1520853
486336 6337
492673 356
311034921 493029
382677 1521
384198 2215
311527950 386413
1294235 12928
76 173
1307163 249
311914363 1307412
349110 349110
313221775 698220
343299 52
313919995 343351
1065489 2215
1067704 16
314263346 1067720
1022998 4029
16 2
1027027 18
315331066 1027045
766341 428
766769 972
316358111 767741
777651 15149
317125852 792800
428858 587448
317918652 1016306
108017 971013
318934958 1079030
1449464 92
1449556 3591
320013988 1453147
1079030 329914
321467135 1408944
1061504 420
1061924 193
322876079 1062117
1208824 16384
134 201
1225208 335
323938196 1225543
960079 519
960598 1180
325163739 961778
637467 3
637470 256
326125517 637726
303195 8192
1469 404
311387 1873
326763243 313260
1249513 3648
1253161 1280
327076503 1254441
940455 1220
941675 2048
328330944 943723
883288 655360
329274667 1538648
125605 287267
330813315 412872
313260 90
313350 7848
331226187 321198
1027045 970
1028015 16
331547385 1028031
1183571 2749
1186320 1142
332575416 1187462
990863 930
991793 2048
333762878 993841
595495 1369
596864 343
334756719 597207
241975 598608
335353926 840583
131072 335
131407 5248
336194509 136655
108017 1151249
336331164 1259266
136655 903827
337590430 1040482
1048576 404
1048980 5666
338630912 1054646
934229 240678
339685558 1174907
1364897 151
1365048 2651
340860465 1367699
2749 250743
342228164 253492
973400 5816
42 4
979216 46
342481656 979262
1465807 8192
1142 4
1473999 1146
343460918 1475145
1538700 8192
2749 4
1546892 2753
1549645 2
344936063 1549647
1040482 4340
68 106
1044822 174
346485710 1044996
119638 1117423
347530706 1237061
66176 6784
76 428
72960 504
348767767 73464
1127176 7937
89 16
1135113 105
348841231 1135218
1643241 16384
13 465
1659625 478
349976449 1660103
533912 428
534340 1180
351636552 535520
966863 10
966873 768
352172072 967641
516791 1033
517824 2080
353139713 519904
760 294912
353659617 295672
184075 465
184540 2
353955289 184542
1475145 2215
1477360 16
354139831 1477376
452562 994515
355617207 1447077
1263313 2024
357064284 1265337
262144 278
262422 876
358329621 263298
538685 15149
553834 1920
358592919 555754
131407 3335
134742 149
359148673 134891
125605 521
126126 4096
359283564 130222
555754 533912
359413786 1089666
1392044 1954
1393998 5
360503452 1394003
923853 2651
926504 150
361897455 926654
119638 642396
362824109 762034
689504 2071
691575 3688
363586143 695263
329914 177953
364281406 507867
785537 5816
34 64
791353 98
364789273 791451
851530 519
365580724 852049
257643 1733
7 128
259376 135
366432773 259511
538685 8192
201 2087
546877 2288
366692284 549165
1067720 186877
367241449 1254597
532480 970
533450 150
368496046 533600
1398828 6337
193 7
1405165 200
369029646 1405365
1161418 469008
370435011 1630426
85863 1398828
372065437 1484691
1227256 5248
20 23
1232504 43
373550128 1232547
507867 2215
510082 16
374782675 510098
1599816 3948
1603764 1033
375292773 1604797
209653 6337
28 275
215990 303
376897570 216293
108017 87
108104 3648
377113863 111752
1331662 2749
1334411 32
377225615 1334443
386413 505377
378560058 891790
1032160 4224
379451848 1036384
1625031 20
1625051 343
380488232 1625394
119789 1146
120935 1920
382113626 122855
1484691 3427
1488118 465
382236481 1488583
386413 725147
383725064 1111560
546877 411
547288 320
384836624 547608
177953 173
178126 34
385384232 178160
856666 1920
385562392 858586
384198 1095
385293 756
386420978 386049
493120 324
493444 52
386807027 493496
1235349 328617
387300523 1563966
934229 756
934985 1994
388864489 936979
777651 349110
389801468 1126761
193414 1255
194669 42
390928229 194711
777651 59663
391122940 837314
642396 2087
644483 40
391960254 644523
840583 404
840987 3591
392604777 844578
1334443 12928
59 1280
1347371 1339
393449355 1348710
864936 802
865738 8
394798065 865746
644523 5377
106 16
649900 122
395663811 650022
1166451 3335
1169786 89
396313833 1169875
902570 2087
397483708 904657
1028031 2215
1030246 431
398388365 1030677
667143 4340
10 320
671483 330
399419042 671813
8192 1733
68 20
9925 88
400090855 10013
1203052 279
1203331 59
400100868 1203390
165761 5248
23 21
171009 44
401304258 171053
1054646 4340
33 193
1058986 226
401475311 1059212
1465807 1369
1467176 343
402534523 1467519
832588 2215
834803 748
404002042 835551
1270261 212
404837593 1270473
844578 116
844694 40
406108066 844734
644523 1651
646174 9
406952800 646183
1177662 157455
407598983 1335117
936979 2651
939630 150
408934100 939780
598608 8192
9 256
606800 265
409873880 607065
625275 999444
410480945 1624719
1068758 92
1068850 3591
412105664 1072441
295983 174
296157 4029
413178105 300186
629275 6784
89 74
636059 163
413478291 636222
221560 1180
222740 1024
414114513 223764
260 1263313
414338277 1263573
549165 1068758
415601850 1617923
1039548 420
1039968 411
417219773 1040379
46693 615
47308 7
418260152 47315
555754 4340
560094 640
418307467 560734
94977 64
95041 5
418868201 95046
1079030 6784
87 756
1085814 843
418963247 1086657
420049904 223764
469008 971013
420273668 1440021
1467519 1142
1468661 674
421713689 1469335
395129 619568
423183024 1014697
1225543 151
1225694 1095
424197721 1226789
1449556 2087
40 64
1451643 104
425424510 1451747
10013 14941
426876257 24954
209653 5248
74 21
214901 95
426901211 214996
1203390 52
427116207 1203442
1048980 87
1049067 80
428319649 1049147
160209 209653
429368796 369862
96966 15149
429738658 112115
286627 193
286820 343
429850773 287163
1059212 30
1059242 1733
430137936 1060975
184542 395129
431198911 579671
538685 82
538767 4224
431778582 542991
386413 238447
432321573 624860
535520 588180
432946433 1123700
160469 1203598
434070133 1364067
1370604 686
1371290 404
435434200 1371694
637467 257643
436805894 895110
1036384 275
1036659 2215
437701004 1038874
851530 505377
438739878 1356907
1523136 38
1523174 7848
440096785 1531022
245606 59
245665 512
441627807 246177
1068850 2336
74 40
1071186 114
441873984 1071300
676015 30
676045 8064
442945284 684109
429630 1651
431281 9
443629393 431290
223764 505
224269 7848
444060683 232117
904657 549165
444292800 1453822
112115 343
112458 21
445746622 112479
725147 2087
727234 40
445859101 727274
973400 1255
974655 42
446586375 974697
513315 420
513735 150
447561072 513885
926654 4000
930654 1033
448074957 931687
357982 25473
449006644 383455
524288 4736
254 16
529024 270
449390099 529294
186877 13
186890 1180
449919393 188070
1189590 184075
450107463 1373665
224269 4340
52 343
228609 395
451481128 229004
475286 7937
451710132 483223
644523 695263
452193355 1339786
157460 1364430
453533141 1521890
1339786 2535
20 40
1342321 60
455055031 1342381
1263313 1142
456397412 1264455
209653 836225
457661867 1045878
613757 116
613873 40
458707745 613913
1456172 106
1456278 34
459321658 1456312
386413 1255
387668 768
460777970 388436
1467519 420
1467939 150
461166406 1468089
108017 282027
462634495 390044
412872 10013
1095 254
422885 1349
463024539 424234
916901 5077
106 5
921978 111
463448773 922089
1035242 638972
464370862 1674214
85863 356
86219 5248
466045076 91467
136655 335
136990 1429
466136543 138419
125605 766341
466274962 891946
186877 538685
467166908 725562
160469 465
160934 2
467892470 160936
237944 202010
468053406 439954
1513278 341
1513619 1994
468493360 1515613
395129 420
395549 150
470008973 395699
46693 202441
470404672 249134
209653 260
209913 2749
470653806 212662
555754 1028031
470866468 1583785
134891 1255
136146 42
472450253 136188
73464 6337
193 59
79801 252
472586441 80053
98304 1409
99713 106
472666494 99819
329914 241975
472766313 571889
165761 1389230
473338202 1554991
676045 1429
677474 149
474893193 677623
727274 265
727539 8192
475570816 735731
209653 1398828
476306547 1608481
1418958 254
1419212 4000
477915028 1423212
908140 40
908180 5
479338240 908185
1189590 241975
480246425 1431565
865746 313260
481677990 1179006
676015 52
482856996 676067
91467 349110
483533063 440577
6784 62
6846 521
483973640 7367
535520 357982
483981007 893502
1621440 1469
1622909 254
484874509 1623163
677623 116
677739 40
486497672 677779
400057 8192
185 1429
408249 1614
487175451 409863
357982 637467
487585314 995449
431290 519
431809 1920
488580763 433729
607065 555754
489014492 1162819
1604797 92
1604889 2087
490177311 1606976
735731 521
736252 4096
491784287 740348
1405365 108017
492524635 1513382
4000 8192
494038017 12192
1599193 3
1599196 465
494050209 1599661
636222 386413
495649870 1022635
1349 1335117
496672505 1336466
979262 686
979948 404
498008971 980352
163 241967
498989323 242130
184542 193414
499231453 377956
321198 329914
499609409 651112
6846 74
6920 343
500260521 7263
698220 12192
710412 52
500267784 710464
138419 970
139389 431
500978248 139820
336347 785537
501118068 1121884
858171 595495
502239952 1453666
108104 1994
110098 150
503693618 110248
723902 654899
503803866 1378801
1123700 1142
1124842 674
505182667 1125516
519 1175011
506308183 1175530
1169875 194711
507483713 1364586
134891 766341
508848299 901232
1165418 151
509749531 1165569
224269 18432
510915100 242701
1014697 157460
511157801 1172157
303195 934229
512329958 1237424
1310720 10013
1409 5
1320733 1414
513567382 1322147
49152 72
49224 3591
514889529 52815
1475145 200
1475345 1409
514942344 1476754
1089666 5816
74 128
1095482 202
516419098 1095684
852049 349110
517514782 1201159
139820 200
140020 5248
518715941 145268
936979 970
937949 431
518861209 938380
1488583 122855
519799589 1611438
99819 104
521411027 99923
463924 193
464117 3335
521510950 467452
246177 623
521978402 246800
1427051 241975
522225202 1669026
851530 202441
523894228 1053971
160469 336347
524948199 496816
727234 840987
525445015 1568221
108017 516791
527013236 624808
993841 186877
527638044 1180718
120935 250743
528818762 371678
623 264439
529190440 265062
408249 40
408289 640
529455502 408929
7367 879079
529864431 886446
1040379 493496
530750877 1533875
165761 15149
532284752 180910
1059212 475286
532465662 1534498
744135 13
744148 6784
534000160 750932
534751092 136188
313260 1016306
534887280 1329566
10013 282027
536216846 292040
257643 1398828
536508886 1656471
395129 923853
538165357 1318982
973400 506259
539484339 1479659
238447 119638
540963998 358085
188070 588180
541322083 776250
44 6337
542098333 6381
1270473 226
1270699 5377
542104714 1276076
193414 465
193879 2
543380790 193881
686876 356
687232 768
543574671 688000
524288 1010
525298 3633
544262671 528931
688000 999444
544791602 1687444
42 65536
546479046 65578
99923 328617
546544624 428540
134891 186877
546973164 321768
412872 8192
421064 5
547294932 421069
180910 80053
547716001 260963
549165 505377
547976964 1054542
73464 1431669
549031506 1505133
1394003 202441
550536639 1596444
329914 674
330588 2024
552133083 332612
552465695 1325415
936979 160469
553791110 1097448
865746 250743
554888558 1116489
587453 958095
556005047 1545548
772670 200
772870 1409
557550595 774279
1030677 535520
558324874 1566197
1127176 1920
559891071 1129096
253492 151
253643 2651
561020167 256294
177953 903827
561276461 1081780
624860 343351
562358241 968211
103711 613757
563326452 717468
1394003 209134
564043920 1603137
903827 15149
565647057 918976
25473 958095
566566033 983568
188070 723902
567549601 911972
433729 3
433732 256
568461573 433988
571111 103711
568895561 674822
568895561 1270265
59663 546
60209 2048
570165826 62257
1348710 1146
1349856 2071
570228083 1351927
333182 80
333262 802
571580010 334064
116209 1994
118203 1280
571914074 119483
655360 503
655863 6144
572033557 662007
112479 891790
572695564 1004269
783 119789
573699833 120572
334064 52
334116 1920
573820405 336036
7367 257643
574156441 265010
1089666 41
1089707 5666
574421451 1095373
238447 533912
575516824 772359
967641 59663
576289183 1027304
1183571 1920
577316487 1185491
216293 533912
578501978 750205
1162819 10
1162829 768
579252183 1163597
371678 302417
580415780 674095
1419212 1469
1420681 41
581089875 1420722
493444 513315
582510597 1006759
336347 2753
3 201
339100 204
583517356 339304
519 1613565
583856660 1614084
1489153 52
585470744 1489205
663552 275
663827 2071
586959949 665898
1203390 475286
587625847 1678676
313350 1651
315001 23
589304523 315024
1521890 420
1522310 411
589619547 1522721
59663 916901
591142268 976564
750932 59
750991 512
592118832 751503
613913 452562
592870335 1066475
145268 1059212
593936810 1204480
82335 2024
595141290 84359
292040 193414
595225649 485454
84359 357982
595711103 442341
535520 157460
596153444 692980
1520062 1984
596846424 1522046
671813 535520
598368470 1207333
120935 1117423
599575803 1238358
1166451 356840
600814161 1523291
667143 1920
602337452 669063
571889 103711
603006515 675600
1534498 2071
1536569 4
603682115 1536573
194711 329914
605218688 524625
655863 280
656143 3633
605743313 659776
96966 873009
606403089 969975
493029 108017
607373064 601046
188070 1059212
607974110 1247282
1265544 1429
1266973 128
609221392 1267101
62257 1189590
610488493 1251847
1165569 91467
611740340 1257036
232117 1033
233150 3688
612997376 236838
339304 970
340274 16
613234214 340290
2651 460754
613574504 463405
835551 321198
614037909 1156749
1546892 2024
1548916 5
615194658 1548921
625275 52
616743579 625327
386413 493600
617368906 880013
112479 73464
618248919 185943
1036384 506259
618434862 1542643
342684 2535
619977505 345219
880013 519
620322724 880532
139820 973400
621203256 1113220
629275 116209
622316476 745484
1166451 2535
1168986 7
623061960 1168993
62257 91467
624230953 153724
134742 512
624384677 135254
126126 615
126741 2080
624519931 128821
46693 59
46752 512
624648752 47264
467452 136188
624696016 603640
12192 510098
625299656 522290
571111 614276
625821946 1185387
242130 411
242541 4
627007333 242545
313260 357982
627249878 671242
112479 2213
114692 640
627921120 115332
1146909 1733
11 106
1148642 117
628036452 1148759
625327 607065
629185211 1232392
336347 173
336520 1280
630417603 337800
1177916 1920
630755403 1179836
122855 923853
631935239 1046708
607065 506259
632981947 1113324
684109 240678
634095271 924787
1349 165761
635020058 167110
597207 329914
635187168 927121
636114289 84359
880532 776250
636198648 1656782
506259 282598
637855430 788857
110248 1538700
638644287 1648948
1059212 178160
640293235 1237372
692980 209653
641530607 902633
119483 1036384
642433240 1155867
1165569 12192
643589107 1177761
246177 386413
644766868 632590
659776 80
659856 802
645399458 660658
84608 193
84801 128
646060116 84929
12192 1364430
646145045 1376622
184542 103711
647521667 288253
99923 395
100318 3081
647809920 103399
240678 287267
647913319 527945
533600 800013
648441264 1333613
358085 1033
359118 2080
649774877 361198
546877 279
547156 89
650136075 547245
209653 614276
650683320 823929
623 14941
651507249 15564
745484 2215
747699 68
651522813 747767
357982 505377
652270580 863359
513315 516791
653133939 1030106
295672 993841
654164045 1289513
10013 671813
655453558 681826
433729 160936
656135384 594665
1431669 62
1431731 768
656730049 1432499
801931 800013
658162548 1601944
607065 452562
659764492 1059627
431809 1263573
660824119 1695382
86219 1349
87568 3328
662519501 90896
160469 796380
662610397 956849
689504 778533
663567246 1468037
433729 223764
665035283 657493
412872 108017
665692776 520889
483093 74
483167 5
666213665 483172
40363 4000
44363 1033
666696837 45396
1040482 80
1040562 802
666742233 1041364
663827 1180
665007 9
667783597 665016
28801 1414
30215 1432
668448613 31647
45396 7367
668480260 52763
774620 74
668533023 774694
989483 469008
669307717 1458491
624860 967641
670766208 1592501
681826 970
682796 431
672358709 683227
1349 1235038
673041936 1236387
931687 108017
674278323 1039704
835551 538685
675318027 1374236
1246244 241975
676692263 1488219
688000 302417
678180482 990417
547608 463924
679170899 1011532
131407 1984
133391 930
680182431 134321
990417 357982
680316752 1348399
333182 452562
681665151 785744
999444 3688
1003132 930
682450895 1004062
844578 157460
683454957 1002038
684456995 967641
1264455 122855
685424636 1387310
1135218 265
1135483 8192
686811946 1143675
12192 571889
687955621 584081
7367 10013
688539702 17380
452562 134
452696 1733
688557082 454429
329914 250743
689011511 580657
390044 174
390218 4340
689592168 394558
13 1310720
689986726 1310733
629275 2651
631926 42
691297459 631968
973400 505377
691929427 1478777
196526 80
196606 2048
693408204 198654
1067720 165761
693606858 1233481
1067704 1469
694840339 1069173
122855 1396856
695909512 1519711
296157 14976
697429223 311133
597207 313260
697740356 910467
1028031 505377
698650823 1533408
1116489 209653
700184231 1326142
1165569 475286
701510373 1640855
212662 122855
703151228 335517
160936 1371694
703486745 1532630
332612 1022998
705019375 1355610
1617923 783
1618706 2071
706374985 1620777
185943 1257036
707995762 1442979
386413 1127176
709438741 1513589
1068758 52
710952330 1068810
120572 194711
712021140 315283
535520 513263
712336423 1048783
120572 329914
713385206 450486
424234 135
424369 1733
713835692 426102
433732 811008
714261794 1244740
715506534 1339786
103711 186877
716846320 290588
10013 1203598
717136908 1213611
815784 1142
816926 674
718350519 817600
138419 104
719168119 138523
1370604 519
719306642 1371123
209653 1244428
720677765 1454081
2749 209134
722131846 211883
240678 282027
722343729 522705
723902 250743
722866434 974645
287267 516791
723841079 804058
966863 328617
724645137 1295480
180910 145268
725940617 326178
723902 513315
726266795 1237217
967641 723902
727504012 1691543
623 25473
729195555 26096
729195555 1127072
982375 193414
730322627 1175789
52 295983
731498416 296035
115332 7263
731794451 122595
731917046 467452
507867 642396
732384498 1150263
409863 1016306
733534761 1426169
597207 349110
734960930 946317
629275 1733
74 4
631008 78
735907247 631086
1323648 760
1324408 748
736538333 1325156
108017 287267
737863489 395284
1081780 1146
1082926 2071
738258773 1084997
134321 259511
739343770 393832
160936 186877
739737602 347813
386413 1264351
740085415 1650764
15564 463405
741736179 478969
33698 5077
128 8
38775 136
742215148 38911
1307412 260
742254059 1307672
7367 250743
743561731 258110
79801 44
743819841 79845
743819841 95565
209913 382677
743915406 592590
1089707 1255
1090962 3633
744507996 1094595
581632 623
582255 1255
745602591 583510
601046 103711
746186101 704757
704757 2288
707045 1033
746890858 708078
154133 4
154137 2
747598936 154139
160469 766341
747753075 926810
1187939 356
1188295 465
748679885 1188760
332612 241975
749868645 574587
817600 300186
750443232 1117786
549165 940455
751561018 1489620
65578 844734
753050638 910312
968211 420
968631 411
753960950 969042
91467 279
91746 32
754929992 91778
766341 25473
755021770 791814
439954 2024
755813584 441978
756255562 725562
431290 1036384
756981124 1467674
245566 581632
758448798 827198
145268 19
145287 3353
759275996 148640
103711 858171
759424636 961882
1028031 177953
760386518 1205984
936979 386413
761592502 1323392
209913 1259266
762915894 1469179
1016306 429630
764385073 1445936
311387 186726
765831009 498113
624860 844578
766329122 1469438
80053 1016306
767798560 1096359
80053 1189590
768894919 1269643
684109 724576
770164562 1408685
493600 807950
771573247 1301550
1168993 313260
772874797 1482253
744135 800013
774357050 1544148
1431669 119638
775901198 1551307
393832 493496
777452505 887328
674822 73464
778339833 748286
182933 52
779088119 182985
601046 756
601802 23
779271104 601825
1204480 194711
779872929 1399191
549165 177953
781272120 727118
288253 465
288718 2
781999238 288720
1429 23
782287958 1452
1117403 279
782289410 1117682
993841 321198
783407092 1315039
108104 150
108254 74
784722131 108328
150805 1733
152538 149
784830459 152687
655360 10
655370 256
784983146 655626
880013 282598
785638772 1162611
103711 1269228
786801383 1372939
52815 209134
788174322 261949
242701 116
242817 40
788436271 242857
82335 52
788679128 82387
288253 300186
788761515 588439
25399 6144
789349954 31543
1566353 96966
789381497 1663319
184075 916901
791044816 1100976
90896 279
91175 32
792145792 91207
580657 973400
792236999 1554057
125605 958095
793791056 1083700
10013 723902
794874756 733915
33698 52
33750 2048
795608671 35798
91207 321198
795644469 412405
112479 553834
796056874 666313
138419 973400
796723187 1111819
125605 1203598
797835006 1329203
38775 32
799164209 38807
139820 1264455
799203016 1404275
112479 122855
800607291 235334
433729 644523
800842625 1078252
607065 328617
801920877 935682
1568221 103711
802856559 1671932
684109 103711
804528491 787820
361198 615
361813 3328
805316311 365141
47264 463924
805681452 511188
865746 463924
806192640 1329670
193881 388436
807522310 582317
725562 91467
808104627 817029
601825 431809
808921656 1033634
171053 135
171188 3081
809955290 174269
1431565 241975
810129559 1673540
480 1284416
811803099 1284896
160936 95565
813087995 256501
775368 519
813344496 775887
1920 1207852
814120383 1209772
1126761 571111
815330155 1697872
542991 775368
817028027 1318359
993841 96966
818346386 1090807
817600 238447
819437193 1056047
1367699 240678
820493240 1608377
822101617 1169875
17380 475286
823271492 492666
1873 962292
823764158 964165
493120 532
824728323 493652
931687 279
931966 32
825221975 931998
194711 1016306
826153973 1211017
408929 10013
827364990 418942
7263 922089
827783932 929352
241975 595495
828713284 837470
1608481 10013
829550754 1618494
322910 815784
831169248 1138694
134321 1166451
832307942 1300772
214996 844734
833608714 1059730
428 757352
834668444 757780
122855 1235038
835426224 1357893
198654 1068758
836784117 1267412
1680492 623
1681115 52
838051529 1681167
347813 52
839732696 347865
1349 1068758
840080561 1070107
1389230 157460
841150668 1546690
844734 160469
842697358 1005203
588180 973088
843702561 1561268
7367 852049
845263829 859416
827198 2749
829947 2024
846123245 831971
571111 193414
846955216 764525
493496 1018381
847719741 1511877
973400 625275
849231618 1598675
303195 7263
310458 519
850830293 310977
426102 2215
428317 16
851141270 428333
265062 80053
851569603 345115
209653 1032181
851914718 1241834
904657 695263
853156552 1599920
1061504 1132
854756472 1062636
66176 532
66708 3591
855819108 70299
1089666 623
855889407 1090289
57344 201
57545 1132
856979696 58677
80053 865746
857038373 945799
817600 108017
857984172 925617
241975 516791
858909789 758766
7367 96966
859668555 104333
918976 774279
859772888 1693255
216293 80
216373 802
861466143 217175
1020404 1142
861683318 1021546
38911 46693
862704864 85604
174269 119483
862790468 293752
727274 395129
863084220 1122403
261949 303195
864206623 565144
103399 433729
864771767 537128
1084997 26096
865308895 1111093
26096 671813
866419988 697909
112479 614276
867117897 726755
167110 209653
867844652 376763
533912 619568
868221415 1153480
148640 134321
869374895 282961
588180 257643
869657856 845823
817600 45396
870503679 862996
844734 519904
871366675 1364638
736252 42
736294 3328
872731313 739622
7367 279
7646 32
873470935 7678
574587 2535
577122 7
873478613 577129
638000 1024
874055742 639024
52815 165761
874694766 218576
426102 980352
874913342 1406454
343351 903256
876319796 1246607
120935 1394003
877566403 1514938
258110 835551
879081341 1093661
1100976 4000
1104976 1033
880175002 1106009
777651 96966
881281011 874617
1090289 157460
882155628 1247749
529294 723902
883403377 1253196
1038874 588180
884656573 1627054
322910 469008
886283627 791918
615228 323
615551 1994
887075545 617545
189082 265
189347 1369
887693090 190716
103711 1434211
887883806 1537922
1393998 2080
889421728 1396078
660658 112479
890817806 773137
184075 674
891590943 184749
511188 966863
891775692 1478051
669063 625275
893253743 1294338
66176 320
66496 16
894548081 66512
684109 24228
894614593 708337
125605 1465807
895322930 1591412
114692 356
115048 128
896914342 115176
154137 126126
897029518 280263
165761 193414
897309781 359175
95046 103711
897668956 198757
1004269 623
897867713 1004892
198757 519
199276 1920
898872605 201196
80053 971013
899073801 1051066
971013 15149
900124867 986162
349110 824396
901111029 1173506
303195 940455
902284535 1243650
880532 676067
903528185 1556599
625275 513263
905084784 1138538
184542 322910
906223322 507452
1117423 257643
906730774 1375066
519 642396
908105840 642915
529294 1166451
908748755 1695745
1030677 282598
910444500 1313275
345219 2215
347434 68
911757775 347502
911757775 637467
659776 260
912395242 660036
303195 4736
89 52
307931 141
913055278 308072
209134 778533
913363350 987667
330588 52
330640 1920
914351017 332560
936979 695263
914683577 1632242
322910 519
916315819 323429
110248 538685
916639248 648933
916315819 1489153
65578 139820
917804972 205398
336347 519
918010370 336866
73464 5077
78541 59
918347236 78600
982375 328617
918425836 1310992
66512 1227256
919736828 1293768
1491332 5666
1496998 768
921030596 1497766
260 2749
922528362 3009
762034 623
922531371 762657
85863 638972
923294028 724835
637467 725147
924018863 1362614
112479 671813
925381477 784292
25473 815784
926165769 841257
46693 1227256
927007026 1273949
122855 282598
928280975 405453
308072 642915
928686428 950987
212 157455
929637415 157667
321198 1246244
929795082 1567442
329914 1189590
931362524 1519504
1456312 623
932882028 1456935
35798 65578
934338963 101376
321198 513315
934440339 834513
1072441 2024
935274852 1074465
936349317 1270265
440577 844734
937619582 1285311
91467 343299
938904893 434766
1244428 302417
939339659 1546845
287163 1059212
940886504 1346375
130222 209134
942232879 339356
939780 52
942572235 939832
84359 2749
943512067 87108
145268 742423
943599175 887691
80053 1263573
944486866 1343626
1189590 7367
1196957 104
945830492 1197061
519 40363
947027553 40882
1203598 40363
947068435 1243961
940373 341
948312396 940714
65578 1488583
949253110 1554161
1159810 328617
950807271 1488427
91467 1263313
952295698 1354780
428333 90896
953650478 519229
671242 116
671358 40
954169707 671398
302417 516791
954841105 819208
87568 172
87740 1651
955660313 89391
424234 684109
955749704 1108343
956858047 1452
973400 333182
956859499 1306582
507867 777651
958166081 1285518
110248 263298
959451599 373546
262422 519
262941 149
959825145 263090
85604 12192
960088235 97796
91467 1048576
960186031 1140043
52815 756
53571 1994
961326074 55565
587453 519
961381639 587972
7367 1179006
961969611 1186373
383455 973400
963155984 1356855
65578 676067
964512839 741645
1668714 59
1668773 150
965254484 1668923
308072 772359
966923407 1080431
498113 3427
501540 465
968003838 502005
688000 122855
968505843 810855
1484691 1651
1486342 62
969316698 1486404
134742 46
970803102 134788
101376 70299
970937890 171675
242130 1349
971109565 243479
134788 108328
971353044 243116
