2166
1 1
2 2
4 4
8 8
16 16
32 32
64 64
128 128
256 256
512 512
1024 1024
2048 2048
4096 4096
8192 8192
16384 16384
32768 32768
65536 65536
131072 131072
65536 32768
16384 8192
1024 512
256 64
32 8
4 2
98304 24576
1536 320
40 6
122880 1856
46 1
124736 47
262144 124783
386927 386927
773854 773854
1547708 1547708
1547708 98304
8192 2048
512 128
64 6
1646012 10240
640 70
1656252 710
1656962 1
3095416 1656963
4752379 4752379
773854 386927
131072 32768
2048 1856
16 8
1160781 163840
3904 24
1324621 3928
1328549 4
9504758 1328553
386927 262144
32768 10240
710 128
47 8
649071 43008
838 55
692079 893
692972 4
10833311 692976
1656963 1328553
65536 4096
710 32
2985516 69632
742 2
3055148 744
11526287 3055892
773854 2048
744 16
775902 760
776662 2
14582179 776664
1656963 386927
65536 320
24 4
2043890 65856
2109746 28
15358843 2109774
2109774 262144
24576 4096
742 24
2371918 28672
2400590 766
17468617 2401356
776664 28672
2048 640
24 6
805336 2688
808024 30
19869973 808054
4752379 124783
4096 512
70 8
4877162 4608
78 4
4881770 82
20678027 4881852
808054 163840
16384 4608
2688 128
82 8
971894 20992
2816 90
992886 2906
25559879 995792
386927 131072
24576 128
64 4
517999 24704
68 1
542703 69
26555671 542772
386927 43008
838 2
429935 840
430775 1
27098443 430776
163840 43008
4608 2048
90 30
206848 6656
213504 120
27529219 213624
131072 20992
2906 120
152064 3026
155090 320
27742843 155410
808054 43008
10240 766
851062 11006
862068 128
27898253 862196
3095416 163840
32768 4608
1536 24
3259256 37376
1560 128
3296632 1688
28760449 3298320
262144 16384
68 2906
278528 2974
32058769 281502
1656963 37376
320 55
1694339 375
1694714 4
32340271 1694718
1694718 131072
16384 2048
1825790 18432
1844222 8
34034989 1844230
2401356 131072
18432 2048
40 16
2532428 20480
2552908 56
35879219 2552964
375 90
8 6
465 14
479 1
38432183 480
649071 11006
1560 69
660077 1629
38432663 661706
3298320 163840
28672 480
8 2
3462160 29152
3491312 10
39094369 3491322
1844230 69632
16384 640
1913862 17024
1930886 256
42585691 1931142
4881852 995792
20992 24
5877644 21016
5898660 256
44516833 5898916
2109774 213624
29152 1688
46 8
2323398 30840
2354238 54
50415749 2354292
430776 28672
70 4
459448 74
52770041 459522
1694718 124783
4608 69
1819501 4677
1824178 766
53229563 1824944
1328553 163840
11006 4096
375 46
1492393 15102
421 4
1507495 425
55054507 1507920
1507920 18432
1526352 1024
56562427 1527376
2552964 163840
4677 480
2716804 5157
2721961 479
58089803 2722440
862196 98304
5157 1024
320 32
6 1
960500 6181
352 7
966681 359
60812243 967040
2722440 2048
28 70
2724488 98
61779283 2724586
776664 21016
797680 2974
64503869 800654
517999 5157
523156 8
65304523 523164
386927 18432
1024 7
405359 1031
406390 24
65827687 406414
542772 43008
1688 3928
585780 5616
66234101 591396
1492393 128
47 6
1492521 53
66825497 1492574
2109774 69632
11006 2688
2179406 13694
2193100 2
68318071 2193102
24704 3026
480 90
27730 570
70511173 28300
1547708 24576
120 6
1572284 126
70539473 1572410
661706 10240
126 82
671946 208
72111883 672154
1160781 16384
465 64
1177165 529
72784037 1177694
163840 24704
744 70
188544 814
73961731 189358
1177694 98304
6656 760
1275998 7416
1283414 70
74151089 1283484
406414 18432
1688 2
424846 1690
75434573 426536
430776 11006
1024 64
441782 1088
75861109 442870
189358 11006
640 32
200364 672
201036 2
76303979 201038
3491322 406414
13694 208
3897736 13902
3911638 744
76505017 3912382
808054 32768
320 16
840822 336
80417399 841158
69632 11006
1088 256
46 6
80638 1344
81982 52
81258557 82034
213624 29152
766 6
242776 772
243548 32
81340591 243580
1694718 122880
772 710
1817598 1482
81584171 1819080
995792 43008
17024 40
1038800 17064
1055864 256
83403251 1056120
2193102 98304
2048 30
2291406 2078
2293484 256
84459371 2293740
1160781 15102
256 7
1175883 263
1176146 10
86753111 1176156
426536 1690
28 32
428226 60
87929267 428286
1656963 18432
1536 7
1675395 1543
1676938 2
88357553 1676940
131072 11006
46 4
142078 50
90034493 142128
17064 570
17634 54
90176621 17688
142128 2078
82 30
144206 112
90194309 144318
82034 1560
83594 120
90338627 83714
591396 18432
1088 74
609828 1162
90422341 610990
5898916 610990
32768 78
6509906 32846
6542752 28
91033331 6542780
610990 24704
2688 78
635694 2766
638460 30
97576111 638490
262144 11006
672 1560
273150 2232
98214601 275382
692976 37376
1344 32
730352 1376
731728 2
98489983 731730
5616 208
5824 30
99221713 5854
3491322 281502
65856 893
70 47
3772824 66749
3839573 117
99227567 3839690
808054 20480
40 2
828534 42
103067257 828576
862196 8192
32 16
870388 48
103895833 870436
1694718 98304
15102 710
1793022 15812
1808834 4
104766269 1808838
1283484 37376
3026 40
1320860 3066
1323926 64
106575107 1323990
692976 11006
14 838
703982 852
107899097 704834
3491322 163840
8192 8
3655162 8200
3663362 4
108603931 3663366
426536 24704
112267297 451240
870436 43008
8200 359
913444 8559
922003 893
112718537 922896
281502 43008
324510 24
113641433 324534
2724586 213624
18432 1376
28 64
2938210 19808
2958018 92
113965967 2958110
2552964 66749
2232 24
2619713 2256
2621969 1
116924077 2621970
428286 6
119546047 428292
960500 5157
117 128
965657 245
119974339 965902
1328553 69632
8559 840
1398185 9399
1407584 838
120940241 1408422
2621970 24704
1560 840
2646674 2400
122348663 2649074
3259256 29152
1376 82
3288408 1458
124997737 3289866
851062 1690
852752 3026
128287603 855778
281502 78
281580 320
129143381 281900
1492574 13694
46 64
1506268 110
129425281 1506378
1328553 32846
1543 838
1361399 2381
130931659 1363780
542772 16384
6 320
559156 326
132295439 559482
3663366 6656
320 128
3670022 448
132854921 3670470
1527376 2078
1529454 14
136525391 1529468
692976 90
693066 3904
138054859 696970
406414 4096
48 256
410510 304
138751829 410814
4881852 609828
5491680 1088
139162643 5492768
324534 29152
46 1024
353686 1070
144655411 354756
66749 852
67601 359
145010167 67960
1056120 2400
28 128
1058520 156
145078127 1058676
155410 7416
90 82
162826 172
146136803 162998
3912382 386927
13902 1031
4299309 14933
4314242 98
146299801 4314340
704834 8559
760 47
713393 807
150614141 714200
2552964 43008
11006 2400
120 82
2595972 13406
2609378 202
151328341 2609580
281900 13694
295594 2906
153937921 298500
1931142 83714
126 4096
2014856 4222
154236421 2019078
2532428 4677
2537105 47
156255499 2537152
672154 2766
674920 2048
158792651 676968
3772824 11006
529 479
3783830 1008
159469619 3784838
922896 24704
840 320
947600 1160
163254457 948760
430776 42
430818 6656
164203217 437474
1694718 19808
30 256
1714526 286
164640691 1714812
638490 3066
208 90
641556 298
166355503 641854
410814 8559
479 82
419373 561
166997357 419934
2043890 32846
2906 6
2076736 2912
167417291 2079648
1931142 30840
1024 4
1961982 1028
169496939 1963010
1714812 208
1715020 744
171459949 1715764
4881852 98304
11006 2048
4980156 13054
4993210 256
173175713 4993466
676968 672
178169179 677640
1676940 5616
78 30
1682556 108
178846819 1682664
10240 28
10268 512
180529483 10780
2293740 16384
561 53
2310124 614
180540263 2310738
870436 30840
901276 766
182851001 902042
2371918 9399
69 320
2381317 389
183753043 2381706
3912382 213624
156 3066
4126006 3222
186134749 4129228
1363780 11006
1458 42
1374786 1500
190263977 1376286
2649074 43008
18432 840
2692082 19272
2711354 64
191640263 2711418
731730 32846
304 2232
764576 2536
194351681 767112
278528 326
278854 742
195118793 279596
1572410 43008
19808 375
1615418 20183
1635601 47
195398389 1635648
2401356 83714
9399 465
2485070 9864
2494934 68
197034037 2495002
2043890 6656
2050546 8
199529039 2050554
1646012 46
201579593 1646058
870436 766
871202 28
203225651 871230
922896 13902
936798 320
204096881 937118
428292 2256
205033999 430548
2193102 43008
7416 108
2236110 7524
2243634 448
205464547 2244082
1283484 814
1284298 8192
207708629 1292490
2724586 163840
21016 120
2888426 21136
209001119 2909562
1376286 13902
10 710
1390188 720
211910681 1390908
1408422 13406
1421828 28672
213301589 1450500
206848 14
206862 1560
214752089 208422
1058676 13902
1072578 90
214960511 1072668
3491322 42
3491364 144206
216033179 3635570
871230 29152
70 128
900382 198
219668749 900580
3298320 43008
4677 465
3341328 5142
220569329 3346470
610990 21136
74 838
632126 912
223915799 633038
43008 4222
47230 2906
224548837 50136
83714 10268
54 128
93982 182
224598973 94164
3462160 24704
74 512
3486864 586
224693137 3487450
243580 15102
480 2
258682 482
228180587 259164
3095416 28300
6 16
3123716 22
228439751 3123738
459522 24704
480 766
484226 1246
231563489 485472
995792 8559
1004351 1
232048961 1004352
542772 15102
60 336
557874 396
233053313 558270
2401356 32846
352 840
2434202 1192
233611583 2435394
430818 6181
69 256
436999 325
236046977 437324
69632 5854
128 4
75486 132
236484301 75618
1160781 7416
1168197 5157
236559919 1173354
1398185 3222
375 82
1401407 457
237733273 1401864
1572410 2232
1574642 1690
239135137 1576332
1715764 50136
74 3904
1765900 3978
240711469 1769878
124783 2381
127164 110
242481347 127274
1576332 4222
1580554 24
242608621 1580578
22 155410
244189199 155432
542772 5157
117 120
547929 237
244344631 548166
692079 117
692196 40
244892797 692236
2435394 43008
3066 90
2478402 3156
245585033 2481558
1615418 60
1615478 18432
248066591 1633910
731730 24704
82 1024
756434 1106
249700501 757540
1376286 11006
132 852
1387292 984
250458041 1388276
50136 13902
10 512
64038 522
251846317 64560
800654 50
800704 336
251910877 801040
2079648 13902
2093550 5616
252711917 2099166
6542780 767112
7309892 5616
254811083 7315508
523164 15812
512 32
538976 544
262126591 539520
1072668 29152
838 70
1101820 908
262666111 1102728
1275998 4677
117 40
1280675 157
263768839 1280832
757540 4677
54 375
762217 429
265049671 762646
242776 570
243346 56
265812317 243402
163840 15812
30 320
179652 350
266055719 180002
610990 482
611472 17688
266235721 629160
1844230 50136
5616 98
1894366 5714
1900080 82
266864881 1900162
1328553 9864
325 22
1338417 347
268765043 1338764
971894 3222
975116 70
270103807 975186
3912382 94164
90 128
4006546 218
271078993 4006764
354756 29152
82 640
383908 722
275085757 384630
5898916 213624
3066 126
6112540 3192
275470387 6115732
4993466 189358
7416 16
5182824 7432
5190256 4
281586119 5190260
485472 24704
529 1629
510176 2158
286776379 512334
797680 1688
287288713 799368
1072668 13406
1086074 256
288088081 1086330
163840 74
163914 4096
289174411 168010
281900 126
282026 1024
289342421 283050
862196 5854
256 32
868050 288
289625471 868338
2371918 8200
8 4
2380118 12
290493809 2380130
2019078 336
2019414 10240
292873939 2029654
1004352 15812
263 53
1020164 316
294903593 1020480
2244082 6181
263 4
2250263 267
295924073 2250530
3670470 98304
2256 1344
3768774 3600
298174603 3772374
1058676 74
1058750 2974
301946977 1061724
6542780 50136
13694 90
6592916 13784
303008701 6606700
459522 17064
40 4
476586 44
309615401 476630
17064 46
310092031 17110
2099166 5157
2104323 465
310109141 2104788
6606700 131072
6656 126
6737772 6782
6744554 78
312213929 6744632
1656963 1376
42 1
1658339 43
318958561 1658382
4993466 144318
766 1024
5137784 1790
320616943 5139574
730352 6
730358 256
325756517 730614
1793022 13694
1806716 766
326487131 1807482
1844230 19808
1864038 2688
328294613 1866726
611472 13406
624878 54
330161339 624932
2985516 37376
208 4608
3022892 4816
330786271 3027708
2724586 1536
2726122 32
333813979 2726154
1102728 24704
50 336
1127432 386
336540133 1127818
213624 544
214168 10780
337667951 224948
1894366 1088
1895454 760
337892899 1896214
2244082 5854
245 7
2249936 252
339789113 2250188
731728 730352
342039301 1462080
1292490 21136
1162 74
1313626 1236
343501381 1314862
324534 202
324736 28672
344816243 353408
4006764 98304
13902 120
4105068 14022
4119090 838
345169651 4119928
1284298 27730
349289579 1312028
19272 841158
350601607 860430
995792 4222
1000014 120
351462037 1000134
132 870388
352462171 870520
542772 1690
544462 10
353332691 544472
2495002 1106
2496108 5616
353877163 2501724
243580 814
244394 11006
356378887 255400
1361399 42
1361441 375
356634287 1361816
1844230 7524
14 256
1851754 270
357996103 1852024
2434202 54
2434256 838
359848127 2435094
922896 389
923285 5157
362283221 928442
168010 3192
171202 2912
363211663 174114
2726154 50136
4222 24
2776290 4246
363385777 2780536
4314340 189358
2974 1856
4503698 4830
366166313 4508528
3491364 98304
3026 2048
3589668 5074
370674841 3594742
591396 4246
595642 1192
374269583 596834
1646058 1688
1647746 28
374866417 1647774
1529468 1690
1531158 70
376514191 1531228
283050 132
283182 10268
378045419 293450
6744632 410814
7416 352
7155446 7768
378338869 7163214
75618 2974
78592 1688
385502083 80280
714200 4816
719016 448
385582363 719464
7315508 419934
1690 2048
7735442 3738
386301827 7739180
354756 480
355236 640
394041007 355876
3839690 37376
3222 326
3877066 3548
394396883 3880614
1020480 8559
157 74
1029039 231
398277497 1029270
32846 156
33002 814
399306767 33816
20480 40
399340583 20520
1177694 69632
5142 98
1247326 5240
399361103 1252566
3880614 15812
3896426 28
400613669 3896454
485472 722
486194 13902
404510123 500096
386 1574642
405010219 1575028
355876 24704
1690 74
380580 1764
406585247 382344
298500 2256
300756 3066
406967591 303822
936798 1819080
407271413 2755878
163914 482
164396 2400
410027291 166796
3491364 83714
9399 245
3575078 9644
3584722 54
410194087 3584776
2649074 50
2649124 13694
413778863 2662818
2780536 83714
3066 1344
2864250 4410
416441681 2868660
3346470 29152
98 480
3375622 578
419310341 3376200
1363780 4222
1368002 4608
422686541 1372610
828576 270
828846 4816
424059151 833662
523164 9864
82 256
533028 338
424892813 533366
2755878 3222
78 40
2759100 118
425426179 2759218
1292490 15812
320 8
1308302 328
428185397 1308630
17110 480
17590 14
429494027 17604
293450 2048
295498 64
429511631 295562
43008 2974
45982 78
429807193 46060
1004352 286
1004638 11006
429853253 1015644
517999 1629
519628 256
430868897 519884
559482 1246
560728 18432
431388781 579160
2501724 6
2501730 32
431967941 2501762
386927 5714
392641 9399
434469703 402040
1020480 2536
1023016 110
434871743 1023126
5854 65536
435894869 71390
1236 2050546
435966259 2051782
98304 218
98522 10240
438018041 108762
579160 5854
585014 126
438126803 585140
1374786 46
1374832 128
438711943 1374960
131072 304
131376 5854
440086903 137230
3594742 2256
3596998 256
440224133 3597254
1029270 182
1029452 5854
443821387 1035306
559482 117
559599 375
444856693 559974
2051782 1482
2053264 20480
445416667 2073744
304 441782
447490411 442086
1421828 1500
1423328 20992
447932497 1444320
50136 10780
60916 1160
449376817 62076
6115732 43008
2536 78
6158740 2614
6161354 64
449438893 6161418
180002 7768
68 82
187770 150
455600311 187920
801040 24576
455788231 825616
923285 2816
7 82
926101 89
456613847 926190
1793022 11006
68 640
1804028 708
457540037 1804736
841158 480
841638 1536
459344773 843174
324736 1458
326194 11006
460187947 337200
442870 766
443636 1856
460525147 445492
1963010 182
1963192 32846
460970639 1996038
326194 8559
30 47
334753 77
462966677 334830
4508528 180002
6782 60
4688530 6842
4695372 570
463301507 4695942
2401356 3066
2404422 570
467997449 2404992
913444 24
913468 1024
470402441 914492
559482 922896
471316933 1482378
2310738 9399
2320137 69
472799311 2320206
78592 710
79302 40
475119517 79342
1020480 3222
475198859 1023702
6606700 1162
6607862 98304
476222561 6706166
4752379 33816
1458 1031
4786195 2489
482928727 4788684
7315508 355876
3026 3928
7671384 6954
487717411 7678338
1283414 1825790
495395749 3109204
3259256 30
498504953 3259286
579160 1543
580703 1031
501764239 581734
2621970 4246
30 70
2626216 100
502345973 2626316
293450 24
293474 70
504972289 293544
5190260 62076
1344 4
5252336 1348
505265833 5253684
1376286 1344
1377630 90
510519517 1377720
773854 28
773882 1024
511897237 774906
355876 17604
373480 4830
512672143 378310
500096 1344
501440 766
513050453 502206
512334 1106
513440 1162
513552659 514602
1338764 2400
1341164 2766
514067261 1343930
2043890 2232
2046122 1690
515411191 2047812
1580578 17110
1597688 10268
517459003 1607956
7739180 373480
60 570
8112660 630
519066959 8113290
4508528 50136
7416 570
4558664 7986
527180249 4566650
805336 760
806096 32
531746899 806128
33816 50
33866 570
532553027 34436
2109774 33866
2143640 338
532587463 2143978
164396 7
164403 425
534731441 164828
4129228 83714
614 8192
4212942 8806
534896269 4221748
380580 767112
539118017 1147692
591396 1028
592424 840
540265709 593264
3376200 68
3376268 28672
540858973 3404940
2909562 13902
2923464 10240
544263913 2933704
776664 3192
779856 614
547197617 780470
808054 10268
120 64
818322 184
547978087 818506
825616 1162
826778 40
548796593 826818
764576 128
764704 16
549623411 764720
180002 4608
184610 760
550388131 185370
596834 5714
602548 320
550573501 602868
960500 52
960552 570
551176369 961122
3491364 47230
1629 47
3538594 1676
552137491 3540270
3663366 3066
3666432 570
555677761 3667002
50136 9864
156 78
60000 234
559344763 60234
144318 108
144426 5854
559404997 150280
1913862 3548
1917410 2400
559555277 1919810
1252566 20520
126 78
1273086 204
561475087 1273290
30840 48
30888 1482
562748377 32370
719016 7768
562780747 726784
1072668 5714
1078382 1536
563507531 1079918
928442 6954
120 68
935396 188
564587449 935584
5854 70
5924 6
565523033 5930
514602 214168
565528963 728770
852752 2688
855440 64
566257733 855504
2536 243548
567113237 246084
767112 208
767320 4096
567359321 771416
5492768 11006
1088 40
5503774 1128
568130737 5504902
1004638 82
573635639 1004720
112 967040
574640359 967152
1374960 316
575607511 1375276
144426 156
144582 4608
576982787 149190
2692082 326
2692408 6656
577131977 2699064
4752379 43
4752422 13054
579831041 4765476
5504902 214168
9399 53
5719070 9452
5728522 14
584596517 5728536
214168 9452
30 128
223620 158
590325053 223778
282026 838
282864 6
590548831 282870
1694718 90
1694808 760
590831701 1695568
1580578 120
1580698 10240
592527269 1590938
808054 4410
812464 1790
594118207 814254
3912382 24704
90 64
3937086 154
594932461 3937240
127274 448
127722 3066
598869701 130788
1056120 208
1056328 352
599000489 1056680
2662818 1246
2664064 9864
600057169 2673928
1715764 37376
586 3904
1753140 4490
602731097 1757630
144318 188544
604488727 332862
5139574 7986
5147560 1008
604821589 5148568
4006764 17110
68 320
4023874 388
609970157 4024262
3597254 6842
3604096 4608
613994419 3608704
2495002 766
617603123 2495768
693066 202
693268 1688
620098891 694956
5148568 15812
5164380 3904
620793847 5168284
451240 7768
459008 70
625962131 459078
1580698 7768
1588466 298
626421209 1588764
108762 11006
908 1088
119768 1996
628009973 121764
80638 814
81452 120
628131737 81572
871230 20480
891710 1688
628213309 893398
1361816 75618
629106707 1437434
98522 198
98720 4096
630544141 102816
9644 124736
630646957 134380
1390908 90
1390998 2048
630781337 1393046
303822 16384
126 14
320206 140
632174383 320346
731730 10240
741970 320
632494729 742290
4006764 64
4006828 32
633237019 4006860
122880 326
123206 112
637243879 123318
7739180 206862
202 840
7946042 1042
637367197 7947084
1482378 1192
1483570 7416
645314281 1490986
1597688 316
1598004 3066
646805267 1601070
154 93982
648406337 94136
1715764 24704
1688 838
1740468 2526
648500473 1742994
548166 60
548226 208
650243467 548434
174114 74
650791901 174188
1601070 3548
1604618 2974
650966089 1607592
324736 2050554
652573681 2375290
459522 5930
465452 10240
654948971 475692
1507920 1500
1509420 54
655424663 1509474
2093550 202
2093752 92
656934137 2093844
304 69632
659027981 69936
1931142 16384
208 256
1947526 464
659097917 1947990
4129228 8806
6 256
4138034 262
661045907 4138296
1753140 182
1753322 4222
665184203 1757544
2909562 5074
2914636 3904
666941747 2918540
316 538976
669860287 539292
201038 1856
202894 1536
670399579 204430
3123738 43008
78 1536
3166746 1614
670604009 3168360
581734 1376
583110 90
673772369 583200
2595972 9864
256 8
2605836 264
674355569 2606100
445492 1688
447180 120
676961669 447300
1588764 480
1589244 1560
677408969 1590804
2250530 522
2251052 7524
678999773 2258576
4119928 386
4120314 4096
681258349 4124410
611472 74
611546 4608
685382759 616154
46060 24
46084 2
685998913 46086
223620 480
686044999 224100
967152 3066
970218 760
686269099 970978
1852024 320
687240077 1852344
1004720 5924
1010644 1024
689092421 1011668
2726154 7986
2734140 4830
690104089 2738970
244394 1031
245425 425
692843059 245850
2258576 29152
56 256
2287728 312
693088909 2288040
108762 98
108860 2048
695376949 110908
1852344 5824
1858168 82
695487857 1858250
1401864 352
1402216 30
697346107 1402246
2496108 2400
2498508 120
698748353 2498628
15812 7416
701246981 23228
5877644 19272
448 10
5896916 458
701270209 5897374
1023702 108
1023810 2400
707167583 1026210
502206 7432
509638 10
708193793 509648
1695568 18432
208 68
1714000 276
708703441 1714276
7986 828534
710417717 836520
1398185 2158
1400343 117
711254237 1400460
1320860 480
1321340 120
712654697 1321460
134380 208
134588 98
713976157 134686
218 324510
714110843 324728
5504902 98720
30 1024
5603622 1054
714435571 5604676
649071 807
649878 2906
720040247 652784
338 1615418
720693031 1615756
185370 3600
722308787 188970
486194 1192
487386 10268
722497757 497654
3604096 2400
722995411 3606496
234 2381706
726601907 2381940
731730 202
731932 8200
728983847 740132
2179406 8559
126 53
2187965 179
729723979 2188144
891710 913468
731912123 1805178
262144 772
262916 4096
733717301 267012
843174 838
844012 3904
733984313 847916
46084 1572284
734832229 1618368
742290 1008
743298 1458
736450597 744756
5898916 180002
68 838
6078918 906
737195353 6079824
326194 5930
332124 286
743275177 332410
50136 2048
743607587 52184
1011668 1560
1013228 2048
743659771 1015276
3168360 1160
3169520 814
744675047 3170334
1423328 5714
1429042 98
747845381 1429140
155432 4608
160040 760
749274521 160800
1284298 3978
1288276 2536
749435321 1290812
1010644 208
1010852 32
750726133 1010884
704834 2688
707522 3928
751737017 711450
560728 1070
561798 1536
752448467 563334
586 696970
753011801 697556
1844230 2816
1847046 78
753709357 1847124
119768 6
119774 512
755556481 120286
3298320 286
3298606 10240
755676767 3308846
1757630 43
1757673 6181
758985613 1763854
2076736 352
2077088 28
760749467 2077116
1615756 772
1616528 672
762826583 1617200
1079918 2766
1082684 112
764443783 1082796
1450500 672
1451172 840
765526579 1452012
2193102 37376
60 3928
2230478 3988
766978591 2234466
160800 1246
162046 710
769213057 162756
1847124 3156
1850280 24
769375813 1850304
1715764 1106
1716870 7524
771226117 1724394
430818 2536
433354 1856
772950511 435210
1147692 1560
1149252 640
773385721 1149892
2726154 7432
2733586 482
774535613 2734068
1580698 298
1580996 4222
777269681 1585218
4765476 5616
4771092 3026
778854899 4774118
201038 201038
783629017 402076
713393 92
713485 529
784031093 714014
392641 304
392945 1031
784745107 393976
1547708 326
1548034 5854
785139083 1553888
2605836 155410
786692971 2761246
487386 28
487414 838
789454217 488252
523164 326
523490 128
789942469 523618
1900162 6181
24 2
1906343 26
1906369 1
790466087 1906370
1020164 3123716
792372457 4143880
1864038 24
1864062 2048
796516337 1866110
3663366 74
3663440 2974
798382447 3666414
386927 4830
60 53
391757 113
802048861 391870
4881852 1162
4883014 11006
802440731 4894020
975186 708
975894 13694
807334751 989588
459522 4246
463768 336
808324339 464104
378310 50
378360 480
808788443 378840
1919810 772
1920582 4608
809167283 1925190
110908 912
111820 5824
811092473 117644
46084 661706
811210117 707790
246084 3026
249110 1024
811917907 250134
928442 6
928448 128
812168041 928576
459522 350
459872 3222
813096617 463094
465452 243548
813559711 709000
2310738 984
2311722 2816
814268711 2314538
728770 1070
816583249 729840
171202 1088
172290 760
817313089 173050
902042 7768
909810 198
817486139 910008
1676940 4608
1681548 8
818396147 1681556
102816 1344
104160 480
820077703 104640
298500 304
820182343 298804
1635648 3259256
820481147 4894904
1149892 188
1150080 4096
825376051 1154176
1010852 800704
826530227 1811556
9452 78592
828341783 88044
320346 2400
322746 6
828429827 322752
812464 52
812516 126
828752579 812642
98720 1344
100064 74
829565221 100138
1615756 480
1616236 4
829665359 1616240
111820 70
111890 320
831281599 112210
563334 13784
577118 1560
831393809 578678
3670470 1042
3671512 17064
831972487 3688576
2552964 13406
2566370 744
835661063 2567114
1580996 2766
1583762 98
838228177 1583860
1825790 298
1826088 17024
839812037 1843112
459448 2400590
841655149 2860038
6161418 155432
908 1482
6316850 2390
844515187 6319240
437474 52
437526 1688
850834427 439214
4993466 88044
298 3904
5081510 4202
851273641 5085712
902042 4816
906858 198
856359353 907056
926190 766
926956 742
857266409 927698
1452012 586
1452598 7416
858194107 1460014
852752 1008
853760 1458
859654121 855218
523618 908
524526 5854
860509339 530380
451240 4677
455917 47
861039719 455964
5604676 52184
5157 479
5656860 5636
861495683 5662496
127722 922896
867158179 1050618
806128 912
868208797 807040
355876 9644
365520 350
869015837 365870
283182 4816
287998 2256
869381707 290254
1086330 52
1086382 2906
869671961 1089288
476630 4222
480852 1856
870761249 482708
744756 984
745740 5142
871243957 750882
1035306 459522
871994839 1494828
3671512 74
3671586 1536
873489667 3673122
187770 442870
877162789 630640
1844230 245
1844475 69
877793429 1844544
719464 4410
723874 1024
879637973 724898
967152 396
967548 912
880362871 968460
71390 3548
74938 8
881331331 74946
1102728 21136
1192 74
1123864 1266
881406277 1125130
188970 806096
882531407 995066
2435394 14933
55 64
2450327 119
883526473 2450446
1125130 60
1125190 1690
885976919 1126880
1866726 1482
1868208 16384
887103799 1884592
451240 82
451322 3928
888988391 455250
1013228 128
1013356 16
889443641 1013372
2552964 90
2553054 10240
890457013 2563294
2649124 156
2649280 8192
893020307 2657472
2251052 352
2251404 54
895677779 2251458
914492 5824
920316 120
897929237 920436
1635648 8200
1643848 50
898849673 1643898
4558664 132
4558796 4222
900493571 4563018
563334 110
563444 814
905056589 564258
6744632 214168
1560 90
6958800 1650
905620847 6960450
142128 710
142838 4
912581297 142842
1647774 182
1647956 4222
912724139 1652178
2868660 3156
2871816 7524
914376317 2879340
1590938 60
1590998 1536
917255657 1592534
150280 126
150406 90
918848191 150496
1050618 338
918998687 1050956
410814 7986
418800 4
920049643 418804
160040 40
160080 320
920468447 160400
524526 298
524824 2256
920628847 527080
4023874 316
921155927 4024190
1553888 4222
1558110 2256
925180117 1560366
714200 2974
717174 90
926740483 717264
1437434 984
1438418 2906
927457747 1441324
47230 208
47438 838
928899071 48276
5504902 10268
352 40
5515170 392
928947347 5515562
255400 259164
934462909 514564
2029654 1363780
934977473 3393434
30888 283182
938370907 314070
365870 614
366484 2906
938684977 369390
711450 1690
713140 90
939054367 713230
30888 852
31740 24
939767597 31764
249110 80280
939799361 329390
7163214 83714
2816 6
7246928 2822
940128751 7249750
410814 7416
418230 68
947378501 418298
948760 7986
956746 1008
947796799 957754
208422 208
208630 2974
948754553 211604
611546 2536
614082 60
948966157 614142
1494828 912
1495740 1162
949580299 1496902
2179406 4608
2184014 46
951077201 2184060
8806 756434
953261261 765240
836520 871230
954026501 1707750
224948 13054
64 16
238002 80
955734251 238082
1826088 78
1826166 3928
955972333 1830094
2193102 2400
2195502 8
957802427 2195510
43008 570
43578 28
959997937 43606
163840 773854
960041543 937694
728770 570
729340 90
960979237 729430
3404940 7432
3412372 3928
961708667 3416300
1616528 913444
965124967 2529972
37376 90
37466 4096
967654939 41562
814254 2688
816942 46
967696501 816988
100138 585014
968513489 685152
7315508 224948
392 10268
7540456 10660
969198641 7551116
23228 1714526
976749757 1737754
1177694 47438
742 4
1225132 746
978487511 1225878
267012 742
267754 3904
979713389 271658
31764 202
979985047 31966
243580 479
244059 69
980017013 244128
174188 2692408
980261141 2866596
1906370 5824
1912194 68
983127737 1912262
69936 382344
985039999 452280
273150 156
273306 304
985492279 273610
2537152 5714
2542866 108
985765889 2542974
4024262 7524
4031786 772
988308863 4032558
12 3978
992341421 3990
250134 98522
992345411 348656
826778 1376
992694067 828154
1531228 338
1531566 14022
993522221 1545588
1429140 6181
69 40
1435321 109
995067809 1435430
189358 182
189540 5142
996503239 194682
926190 17110
996697921 943300
149190 838
150028 8
997641221 150036
