3126
1 1
2 2
4 4
8 8
16 16
32 32
64 64
128 128
256 256
512 512
1024 1024
2048 2048
4096 4096
8192 8192
16384 16384
32768 32768
65536 65536
131072 131072
262144 262144
524288 524288
1048576 1048576
2097152 2097152
4194304 4194304
8388608 8388608
16777216 16777216
33554432 33554432
67108864 67108864
134217728 134217728
268435456 268435456
65536 2048
1024 512
256 64
32 16
8 1
67584 1536
320 48
69120 368
69488 9
524288 69497
262144 69497
32768 8192
4096 2048
1536 368
9 32
331641 40960
6144 1904
372601 8048
380649 41
593785 380690
380690 69497
6144 256
32 4
2 1
450187 6400
36 3
456587 39
2097152 456626
131072 69497
16384 8192
6400 1024
128 64
200569 24576
7424 192
225145 7616
232761 8
2553778 232769
593785 24576
4096 1536
39 48
618361 5632
623993 87
2786547 624080
1048576 131072
40960 8192
1536 256
48 1
1179648 49152
1792 49
1228800 1841
4194304 1230641
69497 8192
2048 1536
41 2
77689 3584
81273 43
5424945 81316
974475 32768
3584 320
9 4
1007243 3904
13 1
1011147 14
5506261 1011161
1230641 77689
2048 1024
256 14
1308330 3072
270 14
1311402 284
6517422 1311686
624080 131072
40960 3584
128 13
755152 44544
141 41
799696 182
8388608 799878
1311686 131072
49152 8192
4096 141
4 2
1442758 57344
4237 6
1500102 4243
9188486 1504345
755152 8192
6400 512
141 16
763344 6912
157 8
770256 165
10692831 770421
1311686 4243
512 13
1315929 525
1316454 256
11463252 1316710
799878 49152
6400 182
849030 6582
855612 3
12779962 855615
855615 57344
6912 368
32 2
912959 7280
920239 34
13635577 920273
1316710 32768
6582 320
1349478 6902
14555850 1356380
40960 2048
525 182
43008 707
43715 192
16777216 43907
380690 16384
2048 320
14 16
397074 2368
399442 30
16821123 399472
1504345 131072
24576 707
87 3
1635417 25283
90 16
1660700 106
17220595 1660806
855615 8192
87 7424
863807 7511
18881401 871318
456626 32768
3072 368
32 1
489394 3440
492834 33
19752719 492867
1048576 44544
1792 39
1093120 1831
20245586 1094951
1316710 8192
4243 368
90 14
1324902 4611
1329513 104
21340537 1329617
57344 2048
141 39
59392 180
22670154 59572
262144 25283
4611 49
287427 4660
292087 32
22729726 292119
1660806 292119
32768 165
1952925 32933
1985858 3904
23021845 1989762
1356380 8192
3072 270
4 1
1364572 3342
1367914 5
25011607 1367919
855615 6144
39 8
861759 47
26379526 861806
1011161 16384
6144 87
1027545 6231
1033776 128
27241332 1033904
1230641 69497
2368 368
32 8
1300138 2736
1302874 40
28275236 1302914
920273 44544
2736 14
964817 2750
967567 9
29578150 967576
1094951 77689
3072 90
1172640 3162
1175802 43
30545726 1175845
849030 4243
192 13
853273 205
853478 49
31721571 853527
456626 25283
4096 30
481909 4126
486035 87
32575098 486122
292119 8192
4660 525
90 32
300311 5185
305496 122
33554432 305618
456626 7424
13 9
464050 22
33860050 464072
1179648 8192
4243 205
1187840 4448
1192288 33
34324122 1192321
32933 6582
256 4
39515 260
35516443 39775
2097152 305618
8192 4660
43 256
2402770 12852
2415622 299
35556218 2415921
1504345 16384
299 39
1520729 338
37972139 1521067
770421 25283
3342 3
795704 3345
799049 64
39493206 799113
920273 25283
5185 64
945556 5249
950805 2
40292319 950807
1192321 2368
270 8
1194689 278
41243126 1194967
1048576 25283
34 6144
1073859 6178
42438093 1080037
1094951 49152
6902 8
1144103 6910
43518130 1151013
331641 7616
141 8
339257 149
44669143 339406
1230641 32933
182 39
1263574 221
45008549 1263795
1048576 16384
2368 270
1064960 2638
1067598 48
46272344 1067646
16384 707
6 256
17091 262
47339990 17353
1442758 8192
2048 36
1450950 2084
1453034 1
47357343 1453035
799878 4660
48 8
804538 56
48810378 804594
1989762 1536
14 128
1991298 142
49614972 1991440
763344 707
149 87
764051 236
51606412 764287
1367919 8192
1536 14
1376111 1550
1377661 64
52370699 1377725
25283 2048
16 4
27331 20
53748424 27351
1952925 17353
1550 30
1970278 1580
1971858 87
53775775 1971945
945556 4660
368 104
950216 472
950688 14
55747720 950702
912959 525
913484 41
56698422 913525
871318 27351
338 270
898669 608
57611947 899277
32933 4660
3 256
37593 259
58511224 37852
1453035 2084
106 4
1455119 110
58549076 1455229
524288 44544
1841 48
568832 1889
60004305 570721
1521067 6
1521073 57344
60575026 1578417
1094951 37852
104 141
1132803 245
62153443 1133048
305618 17353
1024 30
322971 1054
324025 192
63286491 324217
1660806 200569
7280 39
1861375 7319
63610708 1868694
399472 43008
338 299
442480 637
65479402 443117
43907 57344
67108864 101251
69497 157
69654 270
67210115 69924
1868694 8192
3904 13
1876886 3917
1880803 41
67280039 1880844
39775 34
39809 64
69160883 39873
2553778 101251
12852 40
2655029 12892
2667921 1536
69200756 2669457
770421 12892
1054 192
783313 1246
784559 41
71870213 784600
1094951 12892
2084 525
1107843 2609
72654813 1110452
131072 44544
182 32
175616 214
73765265 175830
1263795 49
1263844 36
73941095 1263880
974475 8192
3342 320
982667 3662
75204975 986329
65536 637
66173 149
76191304 66322
624080 66322
512 4
690402 516
76257626 690918
1230641 8192
3584 48
1238833 3632
1242465 4
76948544 1242469
1880844 57344
262 368
1938188 630
78191013 1938818
624080 13
624093 368
80129831 624461
101251 24576
338 41
125827 379
80754292 126206
1660806 131072
8192 4243
14 9
1791878 12435
1804313 23
80880498 1804336
1356380 2084
1358464 49
82684834 1358513
101251 6912
106 3
108163 109
84043347 108272
863807 109
863916 338
84151619 864254
399472 27351
4448 4
426823 4452
85015873 431275
2786547 175830
17353 472
2962377 17825
2980202 142
85447148 2980344
200569 12892
43 192
213461 235
88427492 213696
690918 49152
7616 379
740070 7995
748065 43
88641188 748108
2097152 39873
2137025 1054
89389296 2138079
899277 12892
182 64
912169 246
91527375 912415
1194967 3440
87 1
1198407 88
92439790 1198495
232769 16384
516 90
249153 606
93638285 249759
339406 221
339627 6178
93888044 345805
1242469 4611
1247080 7280
94233849 1254360
804594 37852
1246 128
842446 1374
843820 1
95488209 843821
2097152 236
2097388 2750
96332030 2100138
131072 27351
5185 30
158423 5215
163638 1
98432168 163639
1455229 707
6 64
1455936 70
98595807 1456006
624461 37852
707 256
662313 963
663276 32
100051813 663308
570721 1580
572301 6912
100715121 579213
2138079 232769
379 192
2370848 571
101294334 2371419
1238833 1580
1240413 142
103665753 1240555
861806 13
861819 1536
104906308 863355
305618 2750
14 49
308368 63
105769663 308431
1151013 12892
214 2638
1163905 2852
106078094 1166757
1230641 6400
13 16
1237041 29
107244851 1237070
1263880 27351
963 1831
1291231 2794
108481921 1294025
1094951 12435
34 368
1107386 402
109775946 1107788
1110452 637
1111089 39
110883734 1111128
964817 402
965219 221
111994862 965440
175830 2609
178439 278
112960302 178717
920273 8192
284 1
928465 285
113139019 928750
324217 70
324287 4611
114067769 328898
1521073 49152
6 128
1570225 134
114396667 1570359
855615 2638
858253 3
115967026 858256
1329617 8192
2368 106
1337809 2474
1340283 9
116825282 1340292
81316 5249
141 48
86565 189
118165574 86754
1500102 2736
1502838 87
118252328 1502925
2138079 67584
6 141
2205663 147
119755253 2205810
5632 338
5970 3
121961063 5973
965440 1246
49 32
966686 81
121967036 966767
1504345 12892
182 3
1517237 185
122933803 1517422
372601 472
373073 320
124451225 373393
1377725 3345
1381070 1792
124824618 1382862
899277 8192
2852 9
907469 2861
910330 48
126207480 910378
804594 3632
808226 5632
127117858 813858
690918 40960
270 41
731878 311
127931716 732189
1349478 205
1349683 2736
128663905 1352419
986329 6178
992507 141
130016324 992648
1578417 49152
5249 49
1627569 5298
1632867 48
131008972 1632915
764287 299
764586 368
132641887 764954
450187 284
450471 3584
133406841 454055
178717 707
90 49
179424 139
134217728 179563
49152 2368
64 16
51520 80
134397291 51600
2553778 67584
236 221
2621362 457
134448891 2621819
27351 1580
28931 2084
137070710 31015
2786547 49152
39 32
2835699 71
137101725 2835770
305618 90
305708 256
139937495 305964
131072 110
131182 1024
140243459 132206
1011161 402
1011563 5249
140375665 1016812
524288 17353
379 20
541641 399
141392477 542040
1635417 12892
1648309 1054
141934517 1649363
593785 17825
259 3072
611610 3331
143583880 614941
492867 31015
256 128
523882 384
144198821 524266
1111089 30
1111119 1
144723087 1111120
2980344 77689
512 8
3058033 520
145834207 3058553
51600 3440
43 36
55040 79
148892760 55119
200569 8192
284 192
208761 476
148947879 209237
13 49152
149157116 49165
2553778 49165
106 368
2602943 474
149206281 2603417
1198495 17825
1580 34
1216320 1614
1217934 165
151809698 1218099
1094951 6912
39 320
1101863 359
153027797 1102222
431275 1374
432649 41
154130019 432690
2205810 55119
402 472
2260929 874
154562709 2261803
813858 24576
262 205
838434 467
156824512 838901
542040 17825
2474 64
559865 2538
562403 1
157663413 562404
331641 3632
335273 3
158225817 335276
464072 12892
1889 472
476964 2361
158561093 479325
1521073 12892
1246 34
1533965 1280
1535245 87
159040418 1535332
2261803 59572
467 1246
2321375 1713
160575750 2323088
32933 1054
33987 260
162898838 34247
1367919 5973
104 14
1373892 118
162933085 1374010
292119 6400
9 16
298519 25
164307095 298544
663276 65536
164605639 728812
464072 147
464219 5215
165334451 469434
118 849030
165803885 849148
2138079 59572
189 4448
2197651 4637
166653033 2202288
950805 863807
168855321 1814612
305964 874
306838 262
170669933 307100
1660806 6912
1667718 81273
170977033 1748991
1247080 4660
320 8
1251740 328
172726024 1252068
209237 1374
210611 5
173978092 210616
262144 12892
608 1
275036 609
174188708 275645
2323088 40960
402 571
2364048 973
174464353 2365021
125827 256
126083 2
176829374 126085
225145 4660
157 256
229805 413
176955459 230218
2371419 27351
270 128
2398770 398
177185677 2399168
399472 17825
1054 5
417297 1059
418356 141
179584845 418497
1374010 56
1374066 1904
180003342 1375970
611610 47
611657 1831
181379312 613488
1175845 3162
1179007 32
181992800 1179039
1300138 874
1301012 32
183171839 1301044
663308 1374
664682 6231
184472883 670913
1748991 17825
259 180
1766816 439
185143796 1767255
132206 17825
1059 88
150031 1147
186911051 151178
1367919 2538
1370457 9
187062229 1370466
748108 1246
749354 236
188432695 749590
1163905 963
1164868 9
189182285 1164877
57344 71
57415 1054
190347162 58469
308431 2794
311225 3584
190405631 314809
1880844 25283
182 16
1906127 198
190720440 1906325
1906325 278
1906603 3
192626765 1906606
524288 12435
536723 90
194533371 536813
967576 48
967624 2
195070184 967626
1067646 2861
141 2
1070507 143
196037810 1070650
481909 34
481943 192
197108460 482135
1991440 77689
1374 30
2069129 1404
197590595 2070533
179563 8192
963 1580
187755 2543
199661128 190298
380649 30
380679 1
199851426 380680
1767255 4448
1771703 1024
200232106 1772727
1329617 1059
1330676 398
202004833 1331074
1033904 4126
1038030 49
203335907 1038079
132206 16384
192 48
148590 240
204373986 148830
232769 1054
233823 8192
204522816 242015
2197651 637
2198288 141
204764831 2198429
1991440 39873
609 311
2031313 920
206963260 2032233
262144 235
262379 1246
208995493 263625
12892 1404
39 16
14296 55
209259118 14351
2138079 44544
56 3584
2182623 3640
209273469 2186263
373393 147
373540 5185
211459732 378725
1144103 608
1144711 4243
211838457 1148954
66322 70
66392 707
212987411 67099
1868694 2638
1871332 4660
213054510 1875992
899277 7616
104 48
906893 152
214930502 907045
1358513 214
1358727 1536
215837547 1360263
1667718 69497
1737215 320
217197810 1737535
690918 24576
270 13
715494 283
218935345 715777
928750 8192
413 3072
936942 3485
219651122 940427
1352419 1841
1354260 368
220591549 1354628
443117 6
443123 182
221946177 443305
690918 1246
692164 39
222389482 692203
1016812 7616
1024428 512
223081685 1024940
784600 88
784688 8192
224106625 792880
624461 8192
2538 41
632653 2579
224899505 635232
262379 1111128
225534737 1373507
108272 12435
165 14
120707 179
226908244 120886
335276 3331
3 4
338607 7
227029130 338614
2261803 14351
1280 8
2276154 1288
2277442 4
227367744 2277446
2100138 2084
47 180
2102222 227
229645190 2102449
1048576 5632
87 192
1054208 279
231747639 1054487
37852 920
38772 29
232802126 38801
1382862 31015
1580 36
1413877 1616
232840927 1415493
120886 4243
106 34
125129 140
234256420 125269
910378 1374
911752 141
234381689 911893
69924 384
70308 2861
235293582 73169
3410627 200569
874 29
3611196 903
235366751 3612099
345805 17825
246 3072
363630 3318
238978850 366948
1172640 457
1173097 1054
239345798 1174151
1011563 903
1012466 3640
240519949 1016106
1301044 70
1301114 525
241536055 1301639
86754 8192
874 3
94946 877
242837694 95823
1991440 39809
9 48
2031249 57
242933517 2031306
579213 5632
30 87
584845 117
244964823 584962
1374066 1614
1375680 110
245549785 1375790
298544 180
298724 525
246925575 299249
1254360 221
1254581 6902
247224824 1261483
213696 5185
218881 3584
248486307 222465
593785 2579
596364 12892
248708772 609256
2070533 14351
2084884 3904
249318028 2088788
132206 205
132411 48
251406816 132459
2402770 5298
157 2
2408068 159
251539275 2408227
692203 3072
695275 1904
253947502 697179
380690 81
380771 1054
254644681 381825
1876886 104
255026506 1876990
697179 8192
9 1536
705371 1545
256903496 706916
249759 8192
71 2474
257951 2545
257610412 260496
1578417 27351
36 320
1605768 356
257870908 1606124
697179 2852
700031 338
259477032 700369
871318 571
871889 525
260177401 872414
40960 1580
42540 1
261049815 42541
7616 284
7900 14
261092356 7914
3612099 249759
56 7280
3861858 7336
261100270 3869194
464219 3917
39 64
468136 103
264969464 468239
1198495 8192
6 3904
1206687 3910
265437703 1210597
1080037 8192
56 1904
1088229 1960
266648300 1090189
163639 516
164155 1841
268435456 165996
1246 1179648
268601452 1180894
1133048 23
1133071 3632
269782346 1136703
864254 6400
34 87
870654 121
270919049 870775
431275 106
431381 525
271789824 431906
132459 4237
136696 1792
272221730 138488
872414 4452
876866 2368
272360218 879234
982667 1288
48 4
983955 52
273239452 984007
920273 3318
923591 1713
274223459 925304
967626 3440
971066 9
275148763 971075
1174151 30
1174181 182
276119838 1174363
1521073 3331
1524404 8048
277294201 1532452
1324902 3072
278826653 1327974
911752 692164
280154627 1603916
28931 141
29072 320
281758543 29392
1187840 525
1188365 1792
281787935 1190157
1649363 4243
1653606 13
282978092 1653619
275645 338
275983 4660
284631711 280643
322971 606
323577 235
284912354 323812
2415921 67584
260 41
2483505 301
285236166 2483806
69924 1536
287719972 71460
345805 874
346679 3632
287791432 350311
1415493 8192
1960 22
1423685 1982
1425667 4
288141743 1425671
770421 121
770542 3345
289567414 773887
1814612 14351
963 39
1828963 1002
290341301 1829965
1382862 25283
71 1580
1408145 1651
292171266 1409796
879234 2361
881595 707
293581062 882302
190298 270
190568 8192
294463364 198760
2032233 8192
1580 1550
2040425 3130
294662124 2043555
1070650 132206
296705679 1202856
249759 356
250115 5185
297908535 255300
345805 707
346512 43
298163835 346555
1829965 29392
180 157
1859357 337
298510390 1859694
1016106 30
1016136 182
300370084 1016318
187755 1240555
301386402 1428310
12892 106
12998 128
302814712 13126
1456006 3632
1459638 37852
302827838 1497490
813858 17825
260 512
831683 772
304325328 832455
624461 3072
627533 8
305157783 627541
1107386 397074
305785324 1504460
1111128 34
1111162 7616
307289784 1118778
524288 23
524311 5632
308408562 529943
690402 853527
308938505 1543929
936942 525
937467 48
310482434 937515
882302 13126
56 525
895428 581
311419949 896009
1459638 31015
36 48
1490653 84
312315958 1490737
120886 139
121025 3662
313806695 124687
1048576 4448
1053024 106
313931382 1053130
1364572 182
1364754 1024
314984512 1365778
132206 2084
316350290 134290
81316 311
81627 285
316484580 81912
2786547 8192
328 3662
2794739 3990
316566492 2798729
108272 464050
319365221 572322
1070650 189
1070839 1024
319937543 1071863
1054487 8192
516 104
1062679 620
321009406 1063299
190298 192
190490 39
322072705 190529
950807 8192
1614 33
958999 1647
322263234 960646
773887 2638
776525 3162
323223880 779687
2371419 5970
2377389 6582
324003567 2383971
1543929 2852
1546781 338
326387538 1547119
1038079 516
1038595 5249
327934657 1043844
399472 3162
402634 707
328978501 403341
1111162 7511
64 2
1118673 66
329381842 1118739
456626 34
456660 320
330500581 456980
213696 2084
215780 256
330957561 216036
2100138 338
2100476 106
331173597 2100582
982667 49
982716 368
333274179 983084
764954 6
764960 3584
334257263 768544
1814612 1580
1816192 104
335025807 1816296
945556 23
945579 3345
336842103 948924
871318 1792
337791027 873110
381825 8192
118 3662
390017 3780
338664137 393797
1570359 3331
1573690 1374
339057934 1575064
832455 2474
49 9
834929 58
340632998 834987
831683 299
831982 205
341467985 832187
618361 2579
620940 260
342300172 621200
1791878 3440
1795318 39
342921372 1795357
263625 7336
270961 236
344716729 271197
280643 259
280902 192
344987926 281094
399472 402
399874 2084
345269020 401958
700369 608
700977 34
345670978 701011
350311 23
350334 2638
346371989 352972
3410627 101251
3917 106
3511878 4023
346724961 3515901
770542 1054
771596 284
350240862 771880
1409796 1831
1411627 1
351012742 1411628
138488 245
138733 1792
352424370 140525
1906606 311
1906917 472
352564895 1907389
403341 64
403405 4
354472284 403409
813858 8192
3780 47
822050 3827
825877 39
354875693 825916
120707 275036
355701609 395743
2202288 707
2202995 1024
356097352 2204019
1027545 2852
1030397 109
358301371 1030506
464219 476964
359331877 941183
795704 2538
798242 33
360273060 798275
147 1027545
361071335 1027692
1261483 157
1261640 320
362099027 1261960
1504460 8192
525 64
1512652 589
363360987 1513241
456660 221
364874228 456881
1459638 16384
142 512
1476022 654
365331109 1476676
1027692 278
1027970 707
366807785 1028677
618361 973
619334 338
367836462 619672
635232 8192
1054 1580
643424 2634
368456134 646058
896009 47
896056 1536
369102192 897592
1635417 5249
1640666 7424
369999784 1648090
339627 157
339784 512
371647874 340296
233823 2538
236361 4237
371988170 240598
1228800 707
1229507 32
372228768 1229539
390017 1147
391164 1054
373458307 392218
614941 1376111
373850525 1991052
1737535 571
1738106 4237
375841577 1742343
1308330 106
1308436 1904
377583920 1310340
40960 472
41432 16
378894260 41448
165996 4448
170444 90
378935708 170534
2621819 1960
2623779 16384
379106242 2640163
1180894 963
1181857 87
381746405 1181944
165996 368
382928349 166364
1166757 221
1166978 278
383094713 1167256
1570359 165
1570524 2048
384261969 1572572
489394 128
489522 4
385834541 489526
222465 1550
224015 122
386324067 224137
1535332 4448
1539780 128
386548204 1539908
1459638 221
1459859 6144
388088112 1466003
882302 1580
883882 6231
389554115 890113
14296 1111120
390444228 1125416
986329 39
986368 4096
391569644 990464
974475 338
974813 7616
392560108 982429
1365778 80
1365858 2048
393542537 1367906
469434 4452
473886 1054
394910443 474940
611657 928750
395385383 1540407
804594 3331
807925 32
396925790 807957
542040 14351
1616 402
556391 2018
397733747 558409
990464 270961
398292156 1261425
858256 106
858362 320
399553581 858682
755152 3640
758792 1841
400412263 760633
1094951 2368
3 32
1097319 35
401172896 1097354
66173 59572
402270250 125745
381825 118
381943 6400
402395995 388343
1828963 182
1829145 284
402784338 1829429
1409796 476
1410272 707
404613767 1410979
1938818 109
1938927 4126
406024746 1943053
740070 5970
746040 1536
407967799 747576
795704 1374
797078 9
408715375 797087
1261483 210611
409512462 1472094
66173 43
410984556 66216
896009 257951
411050772 1153960
890113 874
890987 338
412204732 891325
391164 1476676
413096057 1867840
690918 525
691443 4
414963897 691447
55119 402
55521 1246
415655344 56767
14351 1841
16192 16
415712111 16208
706916 5185
712101 43
415728319 712144
813858 142
814000 2750
416440463 816750
2186263 147
2186410 7511
417257213 2193921
1547119 8192
3162 87
1555311 3249
419451134 1558560
881595 88
421009694 881683
1181944 474
1182418 5298
421891377 1187716
1450950 637
1451587 165
423079093 1451752
1413877 637
1414514 34
424530845 1414548
263625 3632
267257 165
425945393 267422
486122 2794
488916 56
426212815 488972
1880844 17825
5973 3
1898669 5976
1904645 48
426701787 1904693
623993 32
428606480 624025
646058 1280
647338 32
429230505 647370
77689 877
78566 384
429877875 78950
1952925 134
1953059 630
429956825 1953689
148590 48
148638 64
431910514 148702
66216 1521073
432059216 1587289
1558560 3318
1561878 3331
433646505 1565209
1247080 1024
1248104 32
435211714 1248136
233823 571
234394 1904
436459850 236298
1991440 31015
877 874
2022455 1751
436696148 2024206
469434 1614
471048 109
438720354 471157
492867 17825
973 79
510692 1052
439191511 511744
1504460 6582
1511042 8
439703255 1511050
511744 134
511878 3662
441214305 515540
418497 149
418646 6912
441729845 425558
536813 2368
442155403 539181
1535332 571
1535903 4
442694584 1535907
1180894 260
444230491 1181154
59572 52
59624 3917
445411645 63541
373540 3072
376612 13
445475186 376625
715777 1316710
445851811 2032487
432649 402
447884298 433051
3410627 3827
3414454 39515
448317349 3453969
764051 43
764094 128
451771318 764222
142 945556
452535540 945698
776525 198
776723 2861
453481238 779584
1627569 147
1627716 299
454260822 1628015
792880 106
792986 525
455888837 793511
1111162 6231
1117393 512
456682348 1117905
838901 2368
841269 256
457800253 841525
1254581 198
1254779 5632
458641778 1260411
86754 1374
88128 36
459902189 88164
1880844 8192
3584 1
1889036 3585
459990353 1892621
647370 8192
2474 338
655562 2812
461882974 658374
305618 287427
462541348 593045
1415493 198
1415691 2861
463134393 1418552
1198495 2084
40 87
1200579 127
464552945 1200706
864254 2368
866622 87
465753651 866709
474940 1280
466620360 476220
883882 122
884004 3162
467096580 887166
584962 379
585341 3632
467983746 588973
585341 1614
586955 122
468572719 587077
1153960 106
1154066 4096
469159796 1158162
403409 134
403543 4611
470317958 408154
3058553 3331
3061884 1374
470726112 3063258
148638 432690
473789370 581328
937515 399472
474370698 1336987
492867 4660
5 141
497527 146
475707685 497673
1373507 87
1373594 4
476205358 1373598
614941 51520
477578956 666461
78566 39
78605 256
478245417 78861
960646 571
961217 30
478324278 961247
246 1048576
479285525 1048822
925304 467
925771 1792
480334347 927563
56767 106
56873 9
481261910 56882
1829965 17825
328 2861
1847790 3189
481318792 1850979
783313 963
784276 1
483169771 784277
2553778 1889
2555667 104
483954048 2555771
1340283 48
486509819 1340331
418646 281094
487850150 699740
1043844 707
1044551 39
488549890 1044590
732189 6582
180 87
738771 267
489594480 739038
784688 4452
789140 49
490333518 789189
1242469 1280
1243749 63
491122707 1243812
139 32933
492366519 33072
1367919 40
1367959 1841
492399591 1369800
1012466 40
1012506 3440
493769391 1015946
1133071 516
1133587 2048
494785337 1135635
471157 262
471419 1831
495920972 473250
190568 6400
104 49
196968 153
496394222 197121
2198429 311
2198740 3345
496591343 2202085
250115 3917
254032 472
498793428 254504
632653 43
632696 1792
499047932 634488
190529 101251
499682420 291780
3515901 12892
3528793 1550
499974200 3530343
1263880 152
1264032 17353
503504543 1281385
222465 57415
504785928 279880
350334 214
350548 245
505065808 350793
2474 1880844
505416601 1883318
1640666 5298
284 43
1645964 327
507299919 1646291
662313 90
662403 320
508946210 662723
126206 356
126562 874
509608933 127436
158423 874
159297 512
509736369 159809
1175845 2736
1178581 41
509896178 1178622
1428310 185
1428495 512
511074800 1429007
950807 205
951012 270
512503807 951282
1382862 520
1383382 1831
513455089 1385213
323577 1653619
514840302 1977196
511878 3130
515008 3
516817498 515011
366948 606
367554 2609
517332509 370163
79 1521067
517702672 1521146
732189 402
732591 3632
519223818 736223
941183 43
941226 3
519960041 941229
666461 110
666571 1550
520901270 668121
983084 163638
521569391 1146722
1288 1033904
522716113 1035192
352972 7914
360886 2368
523751305 363254
913525 3130
916655 49
524114559 916704
1030506 368
1030874 32
525031263 1030906
2205810 14351
2220161 5
526062169 2220166
403543 149
403692 2368
528282335 406060
187755 439
188194 1841
528688395 190035
635232 1059
636291 6910
528878430 643201
1517422 606
1518028 637
529521631 1518665
531040296 1200579
2277446 39873
285 402
2317319 687
532240875 2318006
1385213 8192
152 2861
1393405 3013
534558881 1396418
108272 1904
110176 4
536870912 110180
132459 311
132770 707
536981092 133477
1340331 311
1340642 8048
537114569 1348690
101251 2084
103335 3440
538463259 106775
974813 109
974922 338
538570034 975260
1070507 4660
539545294 1075167
643201 126083
540620461 769284
1033776 624080
541389745 1657856
647370 299
647669 6231
543047601 653900
1370466 772
41 48
1371238 89
543701501 1371327
588973 439
589412 1374
545072828 590786
910378 963
911341 259
545663614 911600
1331074 189
1331263 3632
546575214 1334895
346679 4637
547910109 351316
126562 192
126754 9
548261425 126763
2186410 143
2186553 3584
548388188 2190137
923591 81
923672 608
550578325 924280
715777 8192
2609 278
723969 2887
551502605 726856
159297 1179007
552229461 1338304
1254581 6231
553567765 1260812
1587289 3917
1591206 4126
554828577 1595332
397074 34
397108 64
556423909 397172
655562 284
655846 1841
556821081 657687
126763 1375680
557478768 1502443
370163 90
370253 270
558981211 370523
331641 3345
334986 192
559351734 335178
433051 6902
439953 4
559686912 439957
3612099 106775
3718874 630
560126869 3719504
928750 57
928807 1904
563846373 930711
250115 2361
252476 109
564777084 252585
1524404 472
1524876 320
565029669 1525196
327 755152
566554865 755479
1090189 2852
1093041 14
567310344 1093055
776525 784600
568403399 1561125
314809 141
314950 7424
569964524 322374
1525196 221
1525417 3904
570286898 1529321
170534 476
171010 2736
571816219 173746
31015 963
31978 88
571989965 32066
982716 898669
572022031 1881385
1521146 707
1521853 16
573903416 1521869
425558 637
426195 284
575425285 426479
951282 311
951593 1904
575851764 953497
103335 1054
104389 141
576805261 104530
7914 928750
576909791 936664
2962377 4452
2966829 49
577846455 2966878
1080037 182
1080219 4
580813333 1080223
701011 2048
703059 256
581893556 703315
974922 3585
582596871 978507
920273 1374
921647 3
583575378 921650
925771 874
926645 106
584497028 926751
159809 2609
162418 104
585423779 162522
399874 1311402
585586301 1711276
1667718 17825
963 20
1685543 983
587297577 1686526
695275 34
695309 1792
588984103 697101
1218099 8192
874 1536
1226291 2410
589681204 1228701
2634 39775
590909905 42409
975260 52
975312 1904
590952314 977216
1135635 142
1135777 338
591929530 1136115
224137 525
224662 141
593065645 224803
858682 29
858711 2084
593290448 860795
242015 920
242935 2368
594151243 245303
1561878 1751
1563629 609
594396546 1564238
356 966686
595960784 967042
2980344 65536
142 6
3045880 148
596927826 3046028
88164 2538
90702 48
599973854 90750
768544 8192
600064604 776736
373073 41
600841340 373114
1971945 1280
1973225 80
601214454 1973305
86754 284
87038 48
603187759 87086
1847790 43
1847833 16
603274845 1847849
1254779 2543
1257322 963
605122694 1258285
346679 55
346734 2474
606380979 349208
49165 157
49322 1841
606730187 51163
2483806 59624
1288 14
2543430 1302
2544732 64
606781350 2544796
657687 192
657879 32
609326146 657911
4637 523882
609984057 528519
1667718 3827
1671545 3904
610512576 1675449
1385213 339257
612188025 1724470
464219 235
464454 3072
613912495 467526
611657 571
612228 4
614380021 612232
1218099 279
1218378 1889
614992253 1220267
524311 3440
527751 1
616212520 527752
1334895 1374
1336269 23
616740272 1336292
906893 417297
618076564 1324190
324287 874
325161 88
619400754 325249
151178 663308
619726003 814486
275036 205
620540489 275241
1459859 3485
1463344 1831
620815730 1465175
1044551 966686
622280905 2011237
1102222 4637
1106859 457
624292142 1107316
433051 4448
437499 256
625399458 437755
910330 339257
625837213 1249587
611610 66173
627086800 677783
44544 22
44566 1904
627764583 46470
1686526 189
627811053 1686715
236361 179
236540 1580
629497768 238120
3063258 134290
198 2048
3197548 2246
629735888 3199794
668121 1054
669175 104
632935682 669279
677783 8192
205 48
685975 253
633604961 686228
90750 3345
94095 8
634291189 94103
647669 571
648240 5185
634385292 653425
2032487 260
2032747 5185
635038717 2037932
1226291 34
1226325 1792
637076649 1228117
408154 8192
283 525
416346 808
638304766 417154
4023 748065
638721920 752088
1795357 983
1796340 3827
639474008 1800167
515540 2084
517624 32
641274175 517656
899277 973
900250 262
641791831 900512
624025 128
642692343 624153
1513241 855615
643316496 2368856
108272 49
108321 1024
645685352 109345
2138079 17825
2538 3342
2155904 5880
645794697 2161784
804594 637
805231 472
647956481 805703
1181154 1246
648762184 1182400
210616 141
210757 14
649944584 210771
1606124 14351
157 6
1620475 163
650155355 1620638
646058 32
651775993 646090
314809 14
652422083 314823
2097388 1059
2098447 39
652736906 2098486
1027970 132411
654835392 1160381
797078 516
655995773 797594
399 795704
656793367 796103
51520 87
657589470 51607
1030906 1024
1031930 8
657641077 1031938
418646 25
418671 1280
658673015 419951
2323088 34247
474 2609
2357335 3083
659092966 2360418
42409 346679
661453384 389088
1111162 1246
1112408 142
661842472 1112550
417297 1792
662955022 419089
121 49152
663374111 49273
110180 663308
663423384 773488
1476676 262
1476938 8192
664196872 1485130
2220166 79
2220245 17825
665682002 2238070
1094951 1280
1096231 16
667920072 1096247
106775 973
669016319 107748
542040 7280
549320 6
669124067 549326
263625 1340283
669673393 1603908
2161784 278
2162062 205
671277301 2162267
352972 3249
356221 1831
673439568 358052
1938188 472
1938660 16
673797620 1938676
171010 637
171647 149
675736296 171796
89 849148
675908092 849237
166364 284
166648 270
676757329 166918
2669457 78950
1054 104
2748407 1158
676924247 2749565
164155 1550
165705 56
679673812 165761
433051 39
433090 1024
679839573 434114
697179 707
697886 192
680273687 698078
930711 2609
933320 39
680971765 933359
527752 122
527874 3
681905124 527877
911600 469434
682433001 1381034
3063258 77689
259 338
3140947 597
683814035 3141544
1713 992507
686955579 994220
140525 5185
145710 104
687949799 145814
497673 3585
501258 4096
688095613 505354
471419 236
688600967 471655
2043555 7336
2050891 17353
689072622 2068244
1016136 3
1016139 64
691140866 1016203
653900 1054
654954 368
692157069 655322
151178 4452
155630 104
692812391 155734
945579 536723
692968125 1482302
1024940 205
1025145 43
694450427 1025188
657879 179
695475615 658058
2198740 468136
696133673 2666876
843821 246
844067 4096
698800549 848163
936942 43008
699648712 979950
425558 516
426074 33
700628662 426107
1898669 245
701054769 1898914
255300 2018
257318 180
702953683 257498
443305 278
443583 4096
703211181 447679
1107316 249759
703658860 1357075
2246 479325
705015935 481571
1442758 139
1442897 5970
705497506 1448867
1620638 4452
128 4
1625090 132
706946373 1625222
179563 7319
186882 16
708571595 186898
492867 2736
495603 34
708758493 495637
108321 397074
709254130 505395
2415921 51163
142 30
2467084 172
709759525 2467256
588973 662313
712226781 1251286
853527 654
854181 609
713478067 854790
913525 620
914145 214
714332857 914359
418356 432690
715247216 851046
1466003 5298
1471301 49
716098262 1471350
257951 967626
717569612 1225577
66392 637
67029 48
718795189 67077
373540 1889
375429 284
718862266 375713
486122 2361
488483 80
719237979 488563
497673 3072
500745 13
719726542 500758
3141544 31015
707 2
3172559 709
720227300 3173268
1206687 457
1207144 245
723400568 1207389
797078 903
724607957 797981
1377725 1246
1378971 41
725405938 1379012
305708 66322
726784950 372030
994220 314823
727156980 1309043
419951 4243
424194 270
728466023 424464
670913 1280
672193 81
728890487 672274
370523 1117393
729562761 1487916
132770 1573690
731050677 1706460
1067646 104
1067750 1536
732757137 1069286
25283 134
25417 1580
733826423 26997
352972 637
353609 1580
733853420 355189
861819 259
862078 320
734208609 862398
25417 6144
735071007 31561
1418552 6
735102568 1418558
967042 1383382
736521126 2350424
1063299 43
1063342 39
738871550 1063381
1336292 697179
739934931 2033471
292119 200569
741968402 492688
549326 3585
552911 221
742461090 553132
1771703 520
743014222 1772223
110180 40
110220 6144
744786445 116364
1027970 1027970
744902809 2055940
657911 39515
746958749 697426
992648 571
993219 260
747656175 993479
3162 2736
748649654 5898
2543 55119
748655552 57662
706916 1831
708747 141
748713214 708888
1675449 8192
637 47
1683641 684
749422102 1684325
2138079 8192
3318 110
2146271 3428
751106427 2149699
88128 1356380
753256126 1444508
391164 132459
754700634 523623
706916 1059
755224257 707975
17825 5970
23795 192
755932232 23987
351316 1059
352375 39
755956219 352414
232769 3
232772 48
756308633 232820
1340331 1418552
756541453 2758883
1564238 259
1564497 525
759300336 1565022
439 562404
760865358 562843
2102449 402
2102851 17353
761428201 2120204
1016812 6231
1023043 32
763548405 1023075
443123 49165
764571480 492288
78950 70
765063768 79020
2655029 8192
327 1982
2663221 2309
765142788 2665530
627533 44544
767808318 672077
1016812 198
1017010 3342
768480395 1020352
188194 637
188831 165
769500747 188996
1991440 17825
147 1536
2009265 1683
769689743 2010948
1048822 88
1048910 14
771700691 1048924
109345 307100
772749615 416445
937515 2368
939883 8
773166060 939891
1393405 246
1393651 1536
774105951 1395187
1054487 40
1054527 8048
775501138 1062575
492688 877
776563713 493565
1094951 311
1095262 606
777057278 1095868
685975 872414
778153146 1558389
190568 5976
196544 157
779711535 196701
325249 515011
779908236 840260
208761 320
209081 2
780748496 209083
1316710 5185
1321895 1792
780957579 1323687
173746 254504
782281266 428250
1535907 1683
1537590 609
782709516 1538199
1660806 963
1661769 106
784247715 1661875
974813 1027692
785909590 2002505
664682 1147
665829 90
787912095 665919
408154 1545
409699 6400
788578014 416099
308431 1550
309981 47
788994113 310028
923672 259
789304141 923931
479325 1246
480571 270
790228072 480841
1766816 920239
790708913 2687055
1385213 402
1385615 32
793395968 1385647
920273 24576
794781615 944849
654954 126085
795726464 781039
230218 1246
796507503 231464
1075167 608
1075775 157
796738967 1075932
637 259
797814899 896
944849 1455229
797815795 2400078
715494 804538
800215873 1520032
813858 339627
801735905 1153485
363630 2361
365991 3
802889390 365994
314950 63
315013 3162
803255384 318175
1800167 2794
1802961 512
803573559 1803473
1415691 245
1415936 278
805377032 1416214
945579 1647
806793246 947226
967626 3318
970944 5
807740472 970949
399874 627541
808711421 1027415
324287 457
324744 402
809738836 325146
695309 963
696272 262
810063982 696534
171796 707
172503 165
810760516 172668
406060 637
406697 221
810933184 406918
175830 22
175852 2048
811340102 177900
798275 205
798480 6
811518002 798486
3063258 42409
3105667 7900
812316488 3113567
1829965 17353
182 192
1847318 374
815430055 1847692
627533 190298
817277747 817831
763344 13
763357 8
818095578 763365
1466003 284
1466287 128
818858943 1466415
612228 110180
820325358 722408
527877 287427
821047766 815304
380679 910378
821863070 1291057
1375790 630
823154127 1376420
225145 90
225235 4243
824530547 229478
2024206 2368
2026574 256
824760025 2026830
188194 907045
826786855 1095239
428250 33
428283 512
827882094 428795
370523 861819
828310889 1232342
315013 320
315333 32
829543231 315365
1724470 246
1724716 4660
829858596 1729376
327 1187716
831587972 1188043
708888 1054
709942 30
832776015 709972
1043844 24576
833485987 1068420
58469 608
59077 48
834554407 59125
1907389 180
1907569 5632
834613532 1913201
527751 34247
836526733 561998
793511 1048576
837088731 1842087
884004 149
884153 284
838930818 884437
23795 36
23831 8
839815255 23839
1324902 299
1325201 16
839839094 1325217
515011 6
515017 320
841164311 515337
165996 1033904
841679648 1199900
1111120 1024
842879548 1112144
456660 314809
843991692 771469
805703 33
844763161 805736
395743 963
396706 245
845568897 396951
1686715 1982
1688697 7280
845965848 1695977
480571 178439
847661825 659010
579213 57
579270 1713
848320835 580983
808 1989762
848901818 1990570
370163 1280
850892388 371443
134290 973
135263 214
851263831 135477
511878 88
511966 2736
851399308 514702
3199794 29072
3228866 108272
851914010 3337138
1653619 359
1653978 2368
855251148 1656346
797594 57344
856907494 854938
1075932 2538
1078470 33
857762432 1078503
127436 1246
128682 106
858840935 128788
1695977 7616
192 8
1703593 200
858969723 1703793
373393 128
373521 8
860673516 373529
687 59624
861047045 60311
335276 284
335560 2048
861107356 337608
138733 764051
861444964 902784
473886 2138079
862347748 2611965
1711276 3342
1714618 64
864959713 1714682
1248136 1052
1249188 398
866674395 1249586
822050 2368
824418 165
867923981 824583
381943 4126
386069 320
868748564 386389
841525 1054
869134953 842579
817831 1059
818890 299
869977532 819189
1695977 23
1696000 3440
870796721 1699440
417297 874
418171 87
872496161 418258
1913201 198
1913399 6178
872914419 1919577
60311 637
60948 165
874833996 61113
916655 646058
874895109 1562713
234394 707
235101 13
876457822 235114
1240555 982667
876692936 2223222
746040 165
746205 13
878916158 746218
624461 2609
627070 16
879662376 627086
128788 213461
880289462 342249
13 4096
880631711 4109
1714618 585341
880635820 2299959
1016203 630
882935779 1016833
1907569 20
1907589 3162
883952612 1910751
134290 3910
885863363 138200
39775 512
886001563 40287
398 339627
886041850 340025
3228866 14351
963 128
3243217 1091
886381875 3244308
155734 291780
889626183 447514
175852 23
175875 1024
890073697 176899
822050 920
822970 80
890250596 823050
1220267 299
1220566 90
891073646 1220656
406060 14
406074 64
892294302 406138
620 584845
892700440 585465
2798729 8192
2609 40
2806921 2649
893285905 2809570
1053024 3485
896095475 1056509
517656 3440
521096 182
897151984 521278
17825 122
17947 2750
897673262 20697
2809570 8192
2609 87
2817762 2696
897693959 2820458
456980 1651
458631 3331
900514417 461962
539181 1246
540427 87
900976379 540514
1198407 16
901516893 1198423
1953689 87
1953776 1904
902715316 1955680
1007243 301
1007544 3485
904670996 1011029
593785 439
594224 609
905682025 594833
73169 1360263
906276858 1433432
755479 139
755618 1054
907710290 756672
1525417 2861
1528278 165
908466962 1528443
890987 79
909995405 891066
648240 973
649213 3917
910886471 653130
722408 12892
911539601 735300
318175 654
318829 1647
912274901 320476
1281385 88
912595377 1281473
1136703 3632
1140335 41
913876850 1140376
1816296 8192
476 1889
1824488 2365
915017226 1826853
1075775 3440
916844079 1079215
392218 1374
393592 20
917923294 393612
1625222 637
1625859 64
918316906 1625923
3910 1059
919942829 4969
1538199 399442
919947798 1937641
255300 323812
921885439 579112
66 1240413
922464551 1240479
2543 1111120
923705030 1113663
764586 249153
924818693 1013739
103335 192
103527 39
925832432 103566
581 1174363
925935998 1174944
346734 190490
927110942 537224
1861375 2474
1863849 608
927648166 1864457
540427 36
540463 8
929512623 540471
346679 59572
930053094 406251
121025 3440
124465 16
930459345 124481
1937641 182
1937823 9
930583826 1937832
2299959 1374
2301333 1904
932521658 2303237
636291 40
636331 180
934824895 636511
712144 2861
715005 165
935461406 715170
128682 911600
936176576 1040282
360886 139
361025 1246
937216858 362271
488972 1352419
937579129 1841391
536723 624080
939420520 1160803
953497 4243
192 4
957740 196
940581323 957936
252585 338
252923 707
941539259 253630
298724 1415493
941792889 1714217
664682 520
665202 246
943507106 665448
461962 43
462005 1536
944172554 463541
951593 88164
944636095 1039757
1107843 64
1107907 32
945675852 1107939
2410 1242465
946783791 1244875
150031 963
150994 180
948028666 151174
732591 700369
948179840 1432960
252923 221
253144 278
949612800 253422
1075932 338
1076270 707
949866222 1076977
56 853478
950943199 853534
1742343 2474
1744817 3917
951796733 1748734
340296 86565
953545467 426861
649213 71
649284 2609
953972328 651893
5898 325249
954624221 331147
740070 2750
742820 41
954955368 742861
1093041 562403
955698229 1655444
216036 56
216092 2048
957353673 218140
3528793 488972
957571813 4017765
698078 33072
961589578 731150
511966 983955
962320728 1495921
255300 2543
963816649 257843
7319 1133048
964074492 1140367
1080223 58469
965214859 1138692
709942 635232
966353551 1345174
1016136 399
967698725 1016535
486122 292119
968715260 778241
916704 1147
917851 413
969493501 918264
458631 311
458942 285
970411765 459227
1471301 613488
970870992 2084789
871889 1147
972955781 873036
695309 252476
973828817 947785
140525 109
140634 4660
974776602 145294
1146722 55
1146777 1404
974921896 1148181
649213 861806
976070077 1511019
249759 25283
977581096 275042
884004 36
977856138 884040
257951 571
258522 368
978740178 258890
70308 606
978999068 70914
921647 138488
979069982 1060135
365994 32933
980130117 398927
1091 666571
980529044 667662
1336269 966767
981196706 2303036
1035192 973
1036165 707
983499742 1036872
2102851 963
2103814 1374
984536614 2105188
1054487 4448
986641802 1058935
634488 299
634787 205
987700737 634992
95823 606
96429 2368
988335729 98797
3199794 2474
3202268 8192
988434526 3210460
655846 1002
656848 205
991644986 657053
895428 715777
992302039 1611205
655562 328898
993913244 984460
562843 109
562952 1792
994897704 564744
735300 1545
995462448 736845
7319 1364572
996199293 1371891
527752 3662
997571184 531414
1772727 14351
48 1024
1787078 1072
998102598 1788150
