1763
1 1
2 1
2 2
3 2
4 3
4 2
7 6
7 3
13 10
23 4
27 5
32 13
45 27
72 13
72 23
95 23
118 95
213 1
213 213
214 426
23 1
640 24
664 95
759 4
664 213
426 118
72 2
544 74
877 618
1495 23
877 759
1636 640
2276 4
1636 664
2276 27
2300 1518
2303 1636
2300 2280
2276 1518
4580 3794
8374 3939
12313 85
10 4
12398 14
3939 214
95 13
4153 108
4261 5
12412 4266
759 664
16678 1423
16678 1518
18196 7
18203 759
18196 18101
36297 27
36297 1518
36324 1518
37815 32
37847 877
38724 426
37842 37815
75657 18101
75657 18962
93758 2280
18962 1636
426 23
20598 449
96038 21047
117085 93758
210843 759
211602 36297
4580 640
247899 5220
253119 1
253120 3818
253119 37847
290966 1495
290966 18196
309162 309162
117085 39150
21047 5220
118 74
156235 26267
192 6
182502 198
618324 182700
801024 12412
37815 36324
813436 74139
813436 290966
1104402 309162
1413564 2300
1413564 36297
1415864 1413564
2829428 664
2830092 664
2830756 38724
16678 12398
2869480 29076
2898556 23
5220 763
85 3
5983 88
2898579 6071
2830756 309162
3139918 2830092
5970010 14
5970024 2904650
309162 256938
566100 18101
8874674 584201
9458875 93758
9458875 210843
9458875 2829428
1449861 1104402
37847 544
32 6
2554263 38391
2592654 38
12288303 2592692
14880995 214
14880995 96038
14977033 14977033
3139918 309162
117085 1636
426 5
3449080 118721
431 4
3567801 435
29954066 3568236
33522302 759
33522302 877
309162 211602
26267 664
85 6
520764 26931
547695 91
33523179 547786
34070965 118
34070965 33523061
67594026 1413564
69007590 2830756
67594026 5970024
14977033 3568236
1449861 96038
18545269 1545899
73564050 20091168
93655218 2830092
96485310 85
214 23
237 10
96485395 247
96485310 38724
96485395 1449861
309162 93758
759 7
402920 766
97935256 403686
118721 12412
3939 95
7 5
131133 4034
135167 12
98338942 135179
1104402 39150
21047 640
1143552 21687
1165239 426
98474121 1165665
99639786 36324
99639786 210843
99850629 1495
96524034 8874674
105398708 1423
94619 16678
105400131 111297
105398708 2898579
108297287 36297
156235 18962
1495 13
175197 1508
108333584 176705
108510289 211602
108721891 14
1165665 39150
12412 1423
1204815 13835
1218650 2276
108721905 1220926
108297287 8874674
117171961 1636
117171961 1415864
118587825 12412
105511428 14977033
813436 759
814195 13
120488461 814208
120488461 1104402
121592863 2276
211602 29076
5220 247
240678 5467
246145 118
121595139 246263
1545899 887575
39150 8374
877 247
2433474 47524
1124 214
2480998 1338
121841402 2482336
121595139 2869480
117171961 9552633
124323738 2898579
127222317 640
127222957 5
127222962 37847
247899 2303
192 5
250202 197
127260809 250399
3139918 26931
1636 214
13 6
3166849 1850
3168699 19
127511208 3168718
99852124 34070965
618324 29076
2303 85
647400 2388
649788 27
133923089 649815
121302669 14977033
403686 5467
214 13
409153 227
409380 4
136279702 409384
618324 21687
3818 108
640011 3926
643937 5
136689086 643942
1545899 801024
2388 1338
23 3
2346923 3726
2350649 26
137333028 2350675
139683703 72
139683703 801024
140484727 426
140484727 544
133923089 9552633
143475722 94619
409384 16678
664 45
426062 709
426771 6
143570341 426777
143997118 72
143997118 95
3568236 1545899
409384 640
13 4
5114135 410024
5524159 17
143997213 5524176
149521389 39150
117171961 33523179
1545899 135179
8374 1338
1681078 9712
1690790 763
150695140 1691553
1165665 18962
877 118
1184627 995
1185622 85
152386693 1185707
153572400 13
247899 435
248334 192
153572413 248526
153572400 1415864
153572413 1415864
154988264 96038
153820939 2898579
143997190 14977033
156719518 2898579
649815 118721
2388 431
768536 2819
771355 640
159618097 771995
887575 135179
18962 45
12 10
1022754 19007
1041761 22
160390092 1041783
309162 47524
16678 709
356686 17387
374073 6
161431875 374079
161805954 1104402
5 4
162910356 9
162910356 1495
160390092 2898556
162910365 5970010
168880375 23
168880398 309162
136279702 33522302
169802004 8374
162910365 9458875
172369240 18203
108721905 67594026
176315931 4
1220926 96038
6071 1518
45 7
1316964 7589
1324553 52
176315935 1324605
566100 198
566298 12313
177640540 578611
1415864 877
1416741 13
178219151 1416754
179635905 253119
179889024 426
3568236 29076
2819 618
3597312 3437
3600749 4
179889450 3600753
96038 6071
24 32
102109 56
183490203 102165
1324605 47524
13835 26
1372129 13861
1385990 108
183592368 1386098
184978466 2280
75657 664
184980746 76321
618324 4580
449 26
622904 475
623379 27
185057067 623406
185680473 292461
183592368 2829428
186421796 117085
185972934 2869480
158974223 34071083
193045306 32
426777 47524
6071 1338
72 6
474301 7409
481710 78
193045338 481788
185680473 9552633
76321 16678
544 56
92999 600
93599 7
195233106 93606
2554263 20598
2574861 759
195326712 2575620
9 18203
197902332 18212
37815 13
37828 5
197920544 37833
99852124 99850629
1324605 29076
3939 74
1353681 4013
1357694 6
199702753 1357700
211602 21687
4266 214
233289 4480
237769 32
201060453 237801
108721891 93655218
202377109 72
108333584 96524034
204857618 18101
204875719 2829428
207705147 18196
410024 198
410222 4266
207723343 414488
208137831 16678
204857618 5970010
93758 18962
210827628 112720
210827628 292461
1681078 247
78 38
1681325 116
211120089 1681441
210940348 2904650
247899 640
213844998 248539
212801530 2869480
215671010 664
185972934 34071083
121595139 99639786
221234925 4580
221239505 37842
481788 26931
1338 5
508719 1343
221277347 510062
2350675 47524
26267 95
2398199 26362
221787409 2424561
37847 14
224211970 37861
2592692 233289
877 32
2825981 909
2826890 23
224249831 2826913
227076744 2280
214 118
227079024 332
153572400 73564050
1386098 9712
213 32
1395810 245
227136450 1396055
124323738 105400131
1691553 26931
247 237
1718484 484
229723869 1718968
126724594 105400131
220044017 12288303
3168718 175197
3343915 93758
232332320 3437673
169189560 67594026
3818 2276
236783586 6094
236789680 253120
1022754 17387
332 13
1040141 345
1040486 3
237042800 1040489
229723869 9552633
1718968 233289
484 12
1952257 496
239276502 1952753
887575 26267
45 4
913842 49
241229255 913891
134572904 108510289
127511208 117173597
913891 47524
18212 108
961415 18320
979735 27
244684805 979762
214 213
245664567 427
245664567 640
127511208 118587825
246099033 2898556
1041783 36324
88 214
1078107 302
248997589 1078409
250075998 211602
1324605 21687
449 23
1346292 472
250287600 1346764
154988277 98474121
374079 3437
198 13
377516 211
253462398 377727
377727 8374
426 13
386101 439
253840125 386540
386540 766
387306 198
254226665 387504
224249831 34071083
162910365 96524034
259434399 36297
259434399 37847
162911851 98338942
163288648 98474121
1220926 47524
4480 2276
1268450 6756
261762769 1275206
139683703 124323738
1415864 5
264007441 1415869
251634364 14880995
266515359 12412
235769993 33523061
269293054 112720
269405774 1
259470696 12288303
271758999 38724
271758999 1449861
273208860 93758
273302618 247899
169810378 105511428
275321806 18962
275321806 2829428
16678 2276
278151234 18954
278170188 253120
160390092 121595139
290966 256938
281985231 547904
143570341 139683775
283254116 887575
162910356 121302669
284213025 37815
178219151 108510289
286729440 547904
247899 1636
287277344 249535
185057067 105400131
1204815 9712
1423 763
1214527 2186
290457198 1216713
291673911 37842
278423308 14880995
76321 8374
909 74
84695 983
85678 6
293304303 85684
293389987 94619
261762769 33522302
154988264 143475722
298463986 4580
298468566 4580
623406 8374
544 6
631780 550
298473146 632330
290457198 9458875
1952753 118721
2388 118
56 7
2071474 2506
2073980 63
299916073 2074043
169810378 134572904
356686 12313
32 7
368999 39
304383282 369038
304752320 13
304752320 214
2074043 17387
23 6
2091430 29
304752534 2091459
199702753 108297287
308000040 2300
19007 1124
32 3
20131 35
308002340 20166
201060453 108721905
309782358 1415864
172369240 140485271
161431875 152386693
1718968 156235
2276 1495
1875203 3771
313818568 1878974
135179 1636
12 91
136815 103
315697542 136918
315697542 1415864
193045338 124323738
369038 4580
211 198
373618 409
317369076 374027
197920544 121592863
312854511 8874674
168880398 153572413
224211970 98474121
649815 47524
3939 13
697339 3952
701291 7
322686091 701298
315834460 9458875
325293335 3818
293389987 34071083
327461070 213
961415 13861
1850 19
975276 1869
977145 45
327461283 977190
259472246 69007590
185680473 143475722
207705147 121841402
2091459 102165
4266 198
2193624 4464
2198088 3
329546549 2198091
212801530 120488461
215671674 118587825
172369240 163288648
215671010 120488461
242143146 96485310
338628456 12398
338628456 12412
2904650 136918
9712 409
3041568 10121
3051689 544
338640868 3052233
256938 9712
345 14
266650 359
267009 27
341693101 267036
199702753 143570341
341960137 2898556
814208 29076
2276 1636
843284 3912
344858693 847196
250287600 96524034
3939 426
346811634 4365
346815999 4
346811634 112720
3600753 701298
47524 2276
4302051 49800
4351851 95
346924354 4351946
351276300 12313
351288613 37861
351326474 16678
232332320 121592863
185972934 169810378
156235 36297
355783312 192532
351326474 5970024
238083289 121302669
179889450 179635905
327461283 33523061
360984344 763
183490203 177640540
208137831 153820939
361958770 18962
221239505 143570341
188842414 176315935
204875719 161805954
847196 20166
103 192
867362 295
366681673 867657
2482336 49800
13861 1124
19 118
2532136 14985
2547121 137
367549330 2547258
360985107 9669718
299105476 71838346
266527771 105398708
1275206 983
1276189 4580
371926479 1280769
373207248 4365
278423308 96485642
232124725 143475722
220044017 156719518
376763535 18101
913891 2819
198 2
916710 200
376781636 916910
2869480 21687
2186 2280
2891167 4466
377698546 2895633
371926479 9552633
273550517 108510289
382060806 332
283254116 99852124
49800 359
50159 19
383106240 50178
2198091 118721
4365 5220
2316812 9585
383156418 2326397
227136450 159618097
1718968 475
1719443 1423
386754547 1720866
1545899 118721
12313 45
1664620 12358
1676978 6
388475413 1676984
263037975 127222962
390260937 247899
236789680 154988277
156235 12412
332 88
168647 420
391777957 169067
286729440 105400131
207705147 188842414
253120 1869
74 214
254989 288
396547561 255277
267036 7409
274445 1124
396802838 275569
29076 1869
30945 1338
397078407 32283
1041783 427
1042210 18196
397110690 1060406
304383282 96485642
215671674 185680473
215671010 186538881
242143146 160390092
1545899 50178
3437 237
1596077 3674
402533238 1599751
369038 116
369154 1495
404132989 370649
404503638 13
301990116 105400131
237801 431
238232 6
407390247 238238
264007441 143997190
400868924 9669718
410538642 16678
402209891 8874674
236783586 176315935
295285071 118587825
246099033 169189560
426777 116
426893 36297
415288593 463190
29 250202
415751783 250231
211120089 208154509
275569 5467
227 38
281036 265
419274598 281301
243083193 177640540
281985231 139683775
245664994 177640540
293484606 130679926
284250840 140485153
649815 7589
88 5
657404 93
424735993 657497
292461 10121
1636 45
302582 1681
304263 13
425393490 304276
273302618 153572413
221239505 207723343
426875031 3139918
322686091 108721905
245664994 186538881
423305534 9669718
432975252 253120
1416754 10121
1426875 427
433228372 1427302
308002340 127222317
136918 14985
151903 95
435224657 151998
338640868 99676110
438316978 1636
20166 2300
438318614 22466
284250840 154988264
271758999 169802004
771355 91
771446 85
441561003 771531
346924354 96485310
520764 22466
2186 1495
543230 3681
443409664 546911
224249831 221234925
291673911 153820939
338628456 108297287
211602 1518
88 6
213120 94
446925743 213214
632330 63
632393 4153
447138957 636546
447138957 801024
306843993 143570341
450414334 5
299105476 155084302
454189778 256938
1143552 18320
435 13
1161872 448
454446716 1162320
455609036 1104402
317369076 140484727
457853803 38724
455609036 2830756
458439792 14
458439806 1415864
2198091 26931
1338 247
2225022 1585
459855670 2226607
242143146 220044017
291673911 172387443
1545899 14985
1343 23
1560884 1366
1562250 2
464061354 1562252
341693101 124464619
432975252 33522302
275321806 193045306
275569 4580
345 38
280149 383
468367112 280532
237042800 232124725
2592692 21687
2614379 3939
469167525 2618318
471785843 813436
346816003 127222957
266515359 208154509
466497554 8874674
475372228 96038
317113406 160390092
151998 18954
477503498 170952
1372129 8374
14 27
1380503 41
477674450 1380544
383106240 96485395
916910 18954
935864 640
479591635 936504
1427302 5220
108 2
1432522 110
480528139 1432632
481960771 214
481960771 36324
341693101 140484727
258320914 224249831
258320914 227076744
3168718 32283
41 3437
3201001 3478
485397658 3204479
293484606 195326712
275340768 213844998
317369076 172387443
1040489 1124
1041613 4
489756519 1041617
2091459 18320
198 74
2109779 272
490798136 2110051
1324605 16678
56 426
1341283 482
492908187 1341765
385482815 109942831
495425646 37847
259434399 236789680
2350675 9712
237 88
2360387 325
496224079 2360712
327461070 172387443
584201 10121
247 1423
594322 1670
499848513 595992
290457198 211120089
814208 14985
247 45
829193 292
501577287 829485
887575 472
888047 2819
502406772 890866
404132989 99852124
328479836 176315935
397110690 108333584
434655674 73564050
359385958 149521389
508907347 211602
509118949 877
282533135 229723869
388475413 124323738
370096588 143475722
847196 10121
103 74
857317 177
513572310 857494
480528139 34070965
1324605 245
1324850 4153
514599104 1329003
373211613 143997118
338628456 179889024
508907347 9669718
518577065 14
367549330 153572413
400868924 121595139
366681673 156719518
521121743 2904650
426875031 98338942
1878974 50178
427 17387
1929152 17814
525213973 1946966
916910 9712
926622 5983
527160939 932605
528093544 23
278423308 250075998
298468566 231442837
329546549 201060453
462187163 69007590
531194753 4365
416002014 118600237
438341080 96524034
271797723 265423310
701298 50178
6756 38
751476 6794
758270 213
537221033 758483
374908950 163288648
523401191 14881209
367549330 172369240
1599751 32283
2506 26
1632034 2532
1634566 118
539918570 1634684
541553254 763
293304303 250075998
543380301 72
298468566 245664994
317743103 227076744
287526879 258320914
1952753 102165
8374 544
2054918 8918
2063836 213
545847793 2064049
404503638 143997190
2482336 6794
496 19
2489130 515
548500828 2489645
281985231 269405775
319513407 232332320
341960137 210827628
390260937 162911851
338640868 215671010
416002014 139683703
433228372 124464619
8374 78
8452 213
557692991 8665
364809846 193045306
287277344 271758999
287277344 273208860
306843993 254226665
434655674 127222957
530607002 34071083
564678085 1518
1022754 16678
435 214
1039432 649
564679603 1040081
565719684 8374
381479112 186421796
346816003 221234925
192532 17387
209919 91
568050928 210010
534865114 33523179
415751783 153820939
2226607 5983
2232590 74
569572722 2232664
370654825 202377181
2575620 14985
94 1518
2590605 1612
573032006 2592217
578611 995
579606 3
575624223 579609
643942 1124
108 5
645066 113
576203832 645179
391947024 186538881
647400 1585
648985 88
578485905 649073
459855670 121595139
370654825 211120089
512799151 69007590
581774914 1413564
583188478 18962
396547561 188842414
1040141 24
1040165 85
585389975 1040250
408004631 179889024
367549330 221277347
343273094 245665207
346816003 243083193
450414334 140485271
359525355 231442837
590968192 290966
327461283 266527771
1599751 472
1600223 2388
593989054 1602611
385482815 210940348
441561003 155084302
501577287 96485395
479054994 120488461
579609 288
579897 4153
599543455 584050
1276189 1423
38 27
1277612 65
600127505 1277677
979762 21687
475 14
1001449 489
601405182 1001938
387504 13835
401339 27
602407120 401366
602808486 14
396802838 208154509
602808500 2869480
604957347 2898579
421669006 186538881
315697542 293389987
701298 32283
409 7
733581 416
609087529 733997
488811318 121302669
421669006 188842414
325297153 286729440
495425646 118600237
346811634 269405775
1681 93606
616217409 95287
317369076 299105476
616474552 3818
602808486 14977033
1449861 85684
137 12
1535545 149
617785519 1535694
829485 6094
116 247
835579 363
619321213 835942
620157155 13
338640868 284250840
479591635 143997190
515928107 108721905
338628456 287526879
438316978 188842414
309162 10121
709 431
319283 1140
627159392 320423
397078407 232332320
375600447 254614169
525213973 105400131
447138957 183490203
599543455 33523061
633066516 9
1042210 2532
1044742 3681
633066525 1048423
433228372 201298254
961415 10121
22 877
971536 899
634526626 972435
466497554 172369240
439239104 199702753
385482815 253840125
455609036 185680473
346924354 295285071
445484756 197958377
576849011 67594026
523401191 121592863
447939981 197958377
441561003 204875719
434655674 212801530
466157720 183592368
539918570 109942831
1720866 151998
496 91
1872864 587
649861401 1873451
651734852 118
1952753 10121
113 1869
1962874 1982
651734970 1964856
653699826 210843
387504 12412
1140 192
399916 1332
653910669 401248
1040165 10121
654311917 1050286
534602251 121841402
656443653 4365
2110051 50178
19 21047
2160229 21066
656448018 2181295
658629313 32
480528139 178219151
658629345 253120
847196 6794
85 2
853990 87
658882465 854077
3041568 1982
198 3
3043550 201
659736542 3043751
2326397 6794
409 192
2333191 601
662780293 2333792
472599279 193527126
633066525 34070965
1562252 26931
1140 88
1589183 1228
1590411 95
667137490 1590506
455609036 214093537
485397658 185057067
377727 200
377927 2388
670454725 380315
32283 1636
33919 2
670835040 33921
2618318 39150
4580 345
2657468 4925
2662393 24
670868961 2662417
213214 3771
216985 6756
673531378 223741
345705889 329156195
547904 13861
93 91
561765 184
674862084 561949
489756519 185972934
568388293 109942831
370654825 308022506
10121 200
10321 1850
678677331 12171
518517480 161805954
360984344 319513407
646436722 34070965
2662417 50178
909 19
2712595 928
680507687 2713523
1220926 2819
426 45
1223745 471
683221210 1224216
1449861 39150
4266 426
1489011 4692
684445426 1493703
435224657 251634364
503297638 185057067
419555899 269405775
402209891 287526879
482177828 207705147
385482815 304752534
690235349 93758
598062682 93655218
596645305 98338942
1449861 1338
1451199 38
694984247 1451237
438318614 259434399
518517480 179889024
1143552 7589
14 32
1151141 46
698406504 1151187
39150 198
39348 1518
699557691 40866
557692991 143997118
701690109 12412
489756519 212801530
702558049 118
357296498 346924354
609087529 96485310
598062682 108333584
530607002 176315931
612026593 96485395
464061354 245664567
616474552 93655218
616474552 96485642
614025883 99676110
733997 52
734049 7589
713701993 741638
645898358 69007590
616474552 98474121
423305534 291673911
581450809 134572904
382060806 336159471
371926479 346816003
926622 983
927605 763
718742482 928368
1691553 22466
103 766
1714019 869
719670850 1714888
255277 484
255761 24
721385738 255785
496224079 227136450
256938 420
257358 1850
723360529 259208
545847793 179635905
596645305 130679926
530607002 197958377
728565379 547904
657497 22466
496 2300
679963 2796
729113283 682759
612026593 118587825
529911403 201060453
356686 771995
730971856 1128681
474038960 258320914
721385738 14881209
829485 4464
833949 1495
736266947 835444
407628485 329546549
576203832 161431875
454189778 284213025
595591665 143570341
576849011 163288648
468367112 273550517
645898358 96485395
481960771 261762769
601405182 143997190
442332534 304752320
356686 8918
292 359
365604 651
747084854 366255
465623606 281985231
713701993 34071083
1964856 1332
1966188 4365
747773076 1970553
376763535 373211613
529911403 221277347
568260938 184978466
424164532 329546549
454189778 299916073
627479815 126724594
2532136 10121
72 4
2542257 76
754204409 2542333
633066516 124323738
1720866 50178
22466 544
1771044 23010
757390254 1794054
118721 1869
120590 8374
759184308 128964
2713523 4480
2718003 19
759313272 2718022
602808486 159618097
1078409 1228
1079637 2532
762426583 1082169
763508752 112720
521121743 243083193
656448018 108510289
438316978 328479836
616478370 150695140
477503498 291673911
387504 5983
393487 198
769177409 393685
584201 8665
32 10
592866 42
769571094 592908
1562252 17387
118 32
1579639 150
770164002 1579789
916910 4925
213 13
921835 226
771743791 922061
557692991 215671674
413099521 361130743
433228372 341693101
457853803 317113406
512257004 264007441
659736542 118587825
701298 19007
19 766
720305 785
778324367 721090
779045457 3939
2830756 17387
108 213
2848143 321
779049396 2848464
120590 197
120787 4266
781897860 125053
1545899 12412
19 237
1558311 256
782022913 1558567
438341080 346815999
667137490 118600237
575624223 211120089
847196 909
848105 72
786744312 848177
680497751 108297287
649861401 140485271
669702573 121595139
538282400 253840125
4480 640011
792122525 644491
586430225 207723343
694984247 99850629
541554017 254614169
1590506 2388
1592894 214
796168186 1593108
701702521 96485642
670835040 127511208
590968192 207705147
528093567 273208860
246263 156235
801302427 402498
518577079 284141691
645179 38
645217 759
802718770 645976
1794054 50178
7589 1850
1844232 9439
803364746 1853671
518517480 286729440
524026393 282533135
1493703 2532
1496235 24
806559528 1496259
598062682 210827628
481788 12412
550 484
494200 1034
808890310 495234
588826677 221234925
602808486 207705147
581450809 229723869
512799151 299105476
811904627 1518
543380301 269405774
447775503 367549330
557701656 259472246
426875031 391947024
818822055 213
643942 19
643961 449
818822268 644410
595591665 227136450
102165 1585
103750 3926
822728115 107676
309162 4153
313315 3794
822835791 317109
823152900 5
823152905 2898556
595992 18320
211 197
614312 408
826051461 614720
1224216 36324
14 118
1260540 132
826666181 1260672
555685717 273302618
826666181 2830756
829496937 1
434655674 397078407
1022754 7589
116 214
1030343 330
831734081 1030673
680323434 153572413
498584791 335657888
651734852 183592368
1104402 21687
1126089 14
835327220 1126103
543380301 293304303
534602251 304752320
472599279 367549330
33921 2280
36201 4
840148609 36205
2232664 14985
649 288
2247649 937
840184814 2248586
680507687 162910356
770164002 73564050
843728052 37861
843765913 37815
725483698 121302669
477503498 370654825
494249952 353925183
697753013 150695140
688961674 159618097
1602611 1228
1603839 1423
848579771 1605262
522464063 329156195
641289509 210827628
638866794 215671674
457853803 397110690
527160939 329156195
445494850 411084565
697753013 158974223
771995 8918
14 426
780913 440
856727236 781353
856727236 1104402
701690109 158974223
565728058 295285071
438316978 424164532
2433474 2796
2436270 983
862481510 2437253
426893 325
427218 21687
864918763 448905
814208 431
814639 664
865367668 815303
857831638 9552633
1396055 8918
38 214
1404973 252
867384271 1405225
576203832 293304303
739162006 130679926
928368 1982
24 118
930350 142
869841932 930492
708511988 162910365
747773076 124464619
2904650 29076
550 664
2933726 1214
872237695 2934940
474301 600
474901 4580
875172635 479481
867384271 8874674
499848513 376763535
759313272 118587825
445484756 434655674
880140430 547904
712960194 169189560
1316964 2388
26 27
1319352 53
882149754 1319405
883469159 664
537221033 346811634
764204936 121595139
732359874 154988264
887348138 23
1280769 41
1280810 14985
887348161 1295795
888643956 1449861
887348138 2898556
447775503 443409664
891185167 85
656443653 236783586
1432632 1495
1434127 763
893227239 1434890
520764 2796
523560 484
894662129 524044
2248586 12412
56 108
2260998 164
895186173 2261162
589899196 308002340
475372228 423305534
721385738 178219151
899604889 118
548500828 351276300
601405182 298473146
688961674 214093537
1878974 40866
4034 1495
1919840 5529
903055211 1925369
779049396 126724594
474038960 432203875
756746742 149521389
630214616 278151234
908365850 6094
905773990 2898556
622891708 287526879
647457204 264007441
576849011 335657888
2575620 7589
544 10
2583209 554
912506899 2583763
683221210 232124725
867657 12412
359 19
880069 378
915345935 880447
1224216 10321
116 1338
1234537 1454
916226382 1235991
917462373 211602
917673975 2898579
647457204 273302618
369038 108
369146 6
920759822 369152
680323434 243083193
257358 471
257829 995
923406627 258824
723360529 201298254
923665451 1413564
555685717 370943822
920759822 5970010
634526626 293389987
718220277 211120089
534602251 396547561
524044 2532
526576 550
931149812 527126
781353 198
781551 4580
931676938 786131
1451237 21687
332 17
1472924 349
932463069 1473273
702558167 232124725
934682892 27
808055787 127222957
501577287 435224657
729796042 207723343
835942 759
836701 10
937519385 836711
2261162 40866
1495 3
2302028 1498
938356096 2303526
730614418 210827628
527126 201
527327 7409
941442046 534736
2110051 21066
2131117 213
941976782 2131330
944108112 211602
747773076 197958377
945731453 290966
512257004 435224657
947481661 1636
524026393 425697766
723619737 227136450
581774914 370096588
541553254 410555320
666126405 287277344
1128681 5529
1134210 359
953403749 1134569
954538318 248539
754204409 202377109
956581518 1636
602407120 355975844
1357700 4466
1362166 4034
958382964 1366200
427218 12313
439531 24
959749164 439555
702558167 259434399
818822268 143475722
960188719 3139918
778324367 185057067
977190 472
977662 1518
963381434 979180
1794054 9439
45 23
1803493 68
964360614 1803561
1060406 13861
41 664
1074267 705
966164175 1074972
967239147 37815
2303526 19
2303545 3794
967276962 2307339
448905 8452
74 72
457357 146
969584301 457503
779049396 193045338
688354705 284213025
1535694 63
1535757 2276
972567730 1538033
763508752 211120089
553172788 423305534
543380301 433228372
1268450 2280
1270730 4
976608673 1270734
602407120 375600447
978007567 3818
759184308 220044017
522464063 458439792
828988335 153820939
877901097 105398708
829193 867362
983299805 1696555
822728115 162910356
640011 1982
641993 544
985638471 642537
584201 1982
586183 192
986281008 586375
810061602 177640540
714905948 273208860
590968192 398171096
1794054 6756
1800810 118
989139288 1800928
990940216 4580
988114808 2904650
810513633 183592368
76321 4153
80474 763
994106001 81237
554311878 442332534
869508135 127511208
638866794 359525355
