3136
1 1
2 2
4 4
8 8
16 16
32 32
64 64
128 128
256 256
512 512
1024 1024
2048 2048
4096 4096
8192 8192
16384 16384
32768 32768
65536 65536
131072 131072
65536 8192
256 128
8 2
73728 384
10 1
74112 11
262144 74123
262144 16384
8192 2048
1024 512
16 1
278528 10240
1536 17
288768 1553
336267 290321
626588 626588
131072 10240
4096 1553
128 2
141312 5649
130 1
146961 131
1253176 147092
336267 147092
65536 4096
483359 69632
552991 2
1400268 552993
147092 10240
4096 1024
131 64
32 10
157332 5120
195 42
162452 237
162689 16
1953261 162705
552993 10240
4096 384
32 4
2 1
563233 4480
36 3
567713 39
2115966 567752
626588 336267
32768 16384
1553 131
32 8
962855 49152
1684 40
1012007 1724
2683718 1013731
1400268 131072
8192 1024
195 4
1531340 9216
1540556 199
3697449 1540755
32768 5649
2048 199
11 16
38417 2247
40664 27
5238204 40691
336267 49152
8192 512
384 64
32 2
385419 8704
448 34
394123 482
5278895 394605
74123 16384
10240 42
90507 10282
100789 11
5673500 100800
2683718 146961
40 42
2830679 82
5774300 2830761
49152 10282
4480 512
82 17
59434 4992
99 16
64426 115
8605061 64541
2115966 49152
5649 128
2165118 5777
2170895 8
8669602 2170903
626588 162705
74123 4480
384 8
789293 78603
392 4
867896 396
10840505 868292
290321 16384
10282 2247
1553 99
306705 12529
1652 11
319234 1663
11708797 320897
394605 59434
2247 1024
448 27
454039 3271
457310 475
12029694 457785
868292 90507
3271 64
958799 3335
962134 2
12487479 962136
1536 73728
13449615 75264
320897 10282
1024 448
16 4
331179 1472
332651 20
13524879 332671
100800 16384
10282 512
396 8
117184 10794
404 1
127978 405
13857550 128383
162705 16384
2247 405
179089 2652
181741 40
13985933 181781
1724 82
1806 34
14167714 1840
626588 12529
1024 39
639117 1063
640180 32
14169554 640212
1253176 9216
128 64
1262392 192
14809766 1262584
483359 40691
405 64
524050 469
16072350 524519
2830761 640212
117184 5120
475 4
3470973 122304
3593277 479
16596869 3593756
100800 8192
39 16
108992 55
20190625 109047
49152 1063
3 64
50215 67
20299672 50282
181781 40691
4096 3
222472 4099
226571 2
20349954 226573
1953261 16384
10794 1063
192 40
1969645 11857
1981502 232
20576527 1981734
385419 2652
237 128
388071 365
22558261 388436
1540755 90507
392 1553
1631262 1945
22946697 1633207
1981734 78603
9216 512
405 3
2060337 9728
408 2
2070065 410
24579904 2070475
2830761 162705
10240 27
2993466 10267
3003733 10
26650379 3003743
162705 12529
55 1063
175234 1118
29654122 176352
336267 38417
42 4
374684 46
29830474 374730
262144 5777
42 2
267921 44
30205204 267965
131072 5777
392 82
136849 474
30473169 137323
1633207 147092
4099 40
1780299 4139
1784438 36
30610492 1784474
789293 5120
195 32
794413 227
32394966 794640
374730 2652
512 11
377382 523
377905 8
33189606 377913
12529 523
13052 237
33567519 13289
394605 5777
1063 3
400382 1066
401448 42
33580808 401490
306705 3335
310040 27
33982298 310067
2683718 32768
2247 115
2716486 2362
2718848 8
34292365 2718856
483359 16384
8192 115
499743 8307
508050 4
37011221 508054
2170903 117184
4480 404
2288087 4884
2292971 17
37519275 2292988
962855 16384
1806 17
979239 1823
981062 8
39812263 981070
868292 32768
192 4
901060 196
40793333 901256
640212 40691
2362 115
680903 2477
683380 64
41694589 683444
13289 1823
15112 482
42378033 15594
401490 15594
384 3
417084 387
417471 2
42393627 417473
336267 44
336311 10282
42811100 346593
3003743 137323
482 256
3141066 738
43157693 3141804
226573 13052
40 131
239625 171
46299497 239796
789293 2362
791655 27
46539293 791682
1400268 50282
5777 1840
40 11
1450550 7617
1458167 51
47330975 1458218
401490 1840
403330 256
48789193 403586
239796 42
239838 11
49192779 239849
1458218 69632
474 2048
1527850 2522
49432628 1530372
683444 59434
387 404
742878 791
50963000 743669
640212 9216
99 11
649428 110
51706669 649538
278528 8307
237 11
286835 248
52356207 287083
385419 2477
39 2
387896 41
52643290 387937
162705 7617
110 17
170322 127
53031227 170449
743669 3335
40 195
747004 235
53201676 747239
417473 16384
13289 127
433857 13416
447273 1063
53948915 448336
239849 5649
34 36
245498 70
54397251 245568
13052 195
13247 17
54642819 13264
1013731 16384
171 199
1030115 370
54656083 1030485
1262584 50282
8307 256
42 10
1312866 8563
1321429 52
55686568 1321481
16384 11857
82 482
28241 564
57008049 28805
747239 1553
34 39
748792 73
57036854 748865
683444 38417
1024 17
721861 1041
722902 11
57785719 722913
649538 16384
8704 10
665922 8714
674636 64
58508632 674700
245568 13289
258857 32
59183332 258889
721861 11
721872 128
59442221 722000
2170903 50282
738 5777
2221185 6515
60164221 2227700
1030485 59434
17 16
1089919 33
62391921 1089952
1089952 90507
2652 192
1180459 2844
1183303 16
63481873 1183319
508054 237
508291 10
64665192 508301
245568 10282
255850 1024
65173493 256874
403586 5777
27 3
409363 30
65430367 409393
1089952 50282
227 4099
1140234 4326
65839760 1144560
346593 5777
564 51
352370 615
66984320 352985
181781 32768
791 36
214549 827
215376 195
67337305 215571
147092 9216
405 20
156308 425
67552876 156733
226573 3335
387 3
229908 390
67709609 230298
683444 16384
6515 39
699828 6554
706382 384
67939907 706766
567752 7617
115 10
575369 125
68646673 575494
1030485 16384
9216 392
1046869 9608
1056477 39
69222167 1056516
1450550 1066
42 8
1451616 50
70278683 1451666
141312 1063
142375 4
71730349 142379
109047 1553
42 17
110600 59
71872728 110659
278528 7617
410 39
286145 449
71983387 286594
352985 70
353055 2247
72269981 355302
262144 4480
115 4
266624 119
72625283 266743
258889 2247
20 2
261136 22
72892026 261158
2718856 100800
1945 8
2819656 1953
73153184 2821609
508301 3335
511636 3335
75974793 514971
157332 2652
39 32
159984 71
76489764 160055
28805 2048
30853 8
76649819 30861
981070 449
981519 28241
76680680 1009760
524519 10794
232 392
535313 624
77690440 535937
3003743 40691
1118 405
3044434 1523
78226377 3045957
1262584 6515
1269099 256
81272334 1269355
1540755 9728
127 128
1550483 255
82541689 1550738
310067 3335
46 128
313402 174
84092427 313576
332671 174
332845 2652
84406003 335497
40691 5777
67 475
46468 542
84741500 47010
16384 1945
18329 199
84788510 18528
90507 7617
195 131
98124 326
84807038 98450
1056516 171
1056687 10267
84905488 1066954
794640 32768
5120 469
827408 5589
832997 3
85972442 833000
981519 9728
36 384
991247 420
86805442 991667
230298 2652
130 10
232950 140
87797109 233090
499743 7617
34 512
507360 546
88030199 507906
962855 4884
36 2
967739 38
88538105 967777
32768 2844
64 32
35612 96
89505882 35708
388436 27
388463 2
89541590 388465
181781 13416
449 128
195197 577
89930055 195774
195774 6554
420 564
202328 984
90125829 203312
290321 449
290770 4992
90329141 295762
215571 2652
218223 2247
90624903 220470
355302 8714
364016 448
90845373 364464
245568 6554
115 131
252122 246
91209837 252368
1269355 18329
1287684 9728
91462205 1297412
1183319 40691
2652 115
1224010 2767
1226777 8
92759617 1226785
2060337 6554
482 39
2066891 521
93986402 2067412
448336 59
448395 2477
96053814 450872
563233 2844
140 195
566077 335
96504686 566412
552993 1724
554717 128
97071098 554845
1400268 1063
1401331 20
97625943 1401351
433857 335
434192 12529
99027294 446721
575494 10282
50 235
585776 285
99474015 586061
142379 2
100060076 142381
336311 6554
36 130
342865 166
100202457 343031
1633207 59434
1118 2048
1692641 3166
100545488 1695807
50282 6554
827 115
56836 942
57778 36
102241295 57814
409393 5777
415170 1553
102299109 416723
483359 15594
482 3
498953 485
102715832 499438
665922 4480
237 10
670402 247
103215270 670649
901256 18528
115 8
919784 123
103885919 919907
195197 171
195368 46
104805826 195414
1550738 18528
7617 475
1569266 8092
105001240 1577358
683444 3166
64 2
686610 66
106578598 686676
156308 130
107265274 156438
295762 4139
115 39
299901 154
107421712 300055
2227700 73
2227773 9216
107721767 2236989
245568 2048
16 2
247616 18
109958756 247634
1066954 6554
827 73
1073508 900
110206390 1074408
170449 448
170897 17
111280798 170914
967777 110
967887 4099
111451712 971986
575494 8714
448 39
584208 487
112423698 584695
979239 365
979604 11
113008393 979615
142381 166
142547 2767
113988008 145314
69632 1063
70695 256
114133322 70951
50282 2652
52934 199
114204273 53133
181781 4326
20 130
186107 150
114257406 186257
586061 10794
285 55
596855 340
114443663 597195
147092 1118
148210 20
115040858 148230
195774 2362
198136 199
115189088 198335
2683718 4480
248 55
2688198 303
115387423 2688501
100800 232
101032 1724
118075924 102756
535937 16384
475 27
552321 502
118178680 552823
833000 13416
474 2
846416 476
118731503 846892
28805 199
29004 39
119578395 29043
747239 542
747781 130
119607438 747911
483359 11857
11 10
495216 21
120355349 495237
434192 7617
110 195
441809 305
120850586 442114
457785 18528
387 227
476313 614
121292700 476927
233090 41
233131 1684
121769627 234815
2292988 230298
34 199
2523286 233
122004442 2523519
355302 17
355319 512
124527961 355831
3593756 64541
521 232
3658297 753
124883792 3659050
722913 3166
726079 3
128542842 726082
742878 255
743133 448
129268924 743581
3141804 306705
512 8
3448509 520
130012505 3449029
499743 396
500139 39
133461534 500178
385419 1684
387103 195
133961712 387298
686676 474
687150 11857
134349010 699007
403586 227
403813 392
135048017 404205
687150 6554
475 392
693704 867
135452222 694571
901256 387
901643 2652
136146793 904295
748865 6554
542 425
755419 967
137051088 756386
706766 425
707191 7617
137807474 714808
128383 52
128435 791
138522282 129226
1321481 53133
370 475
1374614 845
138651508 1375459
122304 237
122541 42
140026967 122583
2292988 78603
1652 195
2371591 1847
140149550 2373438
287083 365
287448 4
142522988 287452
1633207 96
1633303 40691
142810440 1673994
198335 82
198417 1536
144484434 199953
434192 20
434212 1024
144684387 435236
670649 52
670701 791
145119623 671492
1269355 4480
256 32
1273835 288
145791115 1274123
567752 6554
246 67
574306 313
147065238 574619
1144560 10794
1155354 2048
147639857 1157402
1458218 15594
235 512
1473812 747
148797259 1474559
1401351 30861
396 199
1432212 595
150271818 1432807
919907 32768
900 482
952675 1382
151704625 954057
2830761 102756
5777 248
2933517 6025
2939542 64
152658682 2939606
388465 1953
390418 70
155598288 390488
1784474 110659
624 192
1895133 816
155988776 1895949
290770 67
290837 4096
157884725 294933
117184 1953
119137 2247
158179658 121384
1089952 13416
827 235
1103368 1062
158301042 1104430
377913 6554
384467 192
159405472 384659
1577358 29043
984 22
1606401 1006
159790131 1607407
901643 125
901768 564
161397538 902332
919907 2477
27 10
922384 37
162299870 922421
1474559 13416
195 512
1487975 707
163222291 1488682
1981734 65536
1063 131
2047270 1194
164710973 2048464
500178 6025
227 82
506203 309
166759437 506512
417473 123
417596 5777
167265949 423373
1474559 4326
44 67
1478885 111
167689322 1478996
2373438 18329
2391767 42
169168318 2391809
665922 410
666332 1684
171560127 668016
1013731 15594
475 42
1029325 517
172228143 1029842
18528 6025
24553 2522
173257985 27075
1321481 24553
3 2048
1346034 2051
173285060 1348085
3003743 5649
41 64
3009392 105
174633145 3009497
575494 8307
583801 392
177642642 584193
794640 285
794925 2767
178226835 797692
78603 305
78908 3166
179024527 82074
423373 6554
429927 615
179106601 430542
535937 9728
3 237
545665 240
179537143 545905
278528 3335
232 482
281863 714
180083048 282577
1895949 32768
370 1063
1928717 1433
180365625 1930150
564 287083
182295775 287647
90507 44
90551 3335
182583422 93886
683380 226573
182677308 909953
1013731 6025
248 130
1019756 378
183587261 1020134
288 232950
184607395 233238
454039 1823
455862 448
184840633 456310
833000 5120
365 20
838120 385
185296943 838505
1269355 2767
1272122 55
186135448 1272177
2523519 57814
564 523
2581333 1087
187407625 2582420
423373 1066
424439 46
189990045 424485
110659 42
110701 2048
190414530 112749
922421 18528
410 475
940949 885
190527279 941834
1981734 49152
448 8
2030886 456
191469113 2031342
343031 2844
345875 408
193500455 346283
57814 575494
193846738 633308
2939606 18528
738 4884
2958134 5622
194480046 2963756
38417 564
38981 479
197443802 39460
176352 2051
178403 46
197483262 178449
868292 9728
384 32
878020 416
197661711 878436
922421 255
922676 6515
198540147 929191
1458218 71
1458289 9216
199469338 1467505
374730 67
374797 396
200936843 375193
878436 1433
879869 479
201312036 880348
82074 2844
84918 27
202192384 84945
626588 2051
628639 595
202277329 629234
355831 1724
357555 4480
202906563 362035
1569266 2844
115 128
1572110 243
203268598 1572353
626588 405
626993 195
204840951 627188
186257 2362
188619 4992
205468139 193611
1183319 32768
227 392
1216087 619
205661750 1216706
239849 4480
237 32
244329 269
206878456 244598
2115966 32768
1472 4
2148734 1476
207123054 2150210
2582420 13416
867 474
2595836 1341
209273264 2597177
142547 410
211870441 142957
756386 624
757010 6554
212013398 763564
909953 2522
912475 1472
212776962 913947
2830761 84945
482 16
2915706 498
213690909 2916204
1056687 4099
4 2
1060786 6
216607113 1060792
84945 791
85736 1663
217667905 87399
1401331 181781
217755304 1583112
170914 523
171437 1840
219338416 173277
674700 52
674752 5649
219511693 680401
763564 827
764391 195
220192094 764586
3697449 1348085
13416 791
5045534 14207
5059741 482
220956680 5060223
1104430 9728
36 131
1114158 167
226016903 1114325
1089952 8092
1098044 2477
227131228 1100521
188619 2477
191096 474
228231749 191570
247634 1663
249297 448
228423319 249745
535937 6554
127 227
542491 354
228673064 542845
929191 233
929424 6554
229215909 935978
1895133 199
1895332 8
230151887 1895340
586061 469
586530 1652
232047227 588182
1030485 487
1030972 738
232635409 1031710
82074 13416
233667119 95490
258889 3335
233762609 262224
215571 1118
234024833 216689
175234 246
175480 791
234241522 176271
203312 119
203431 10282
234417793 213713
545905 59
545964 2247
234631506 548211
1104430 1041
1105471 2477
235179717 1107948
29043 615
29658 392
236287665 30050
1321481 16384
738 474
1337865 1212
236317715 1339077
476927 5622
10 4
482549 14
237656792 482563
764586 10794
775380 1472
238139355 776852
320897 232
321129 1840
238916207 322969
267965 385
268350 9608
239239176 277958
234815 1382
236197 390
239517134 236587
3045957 6554
237 4
3052511 241
239753721 3052752
483359 2051
485410 1382
242806473 486792
1981734 16384
255 448
1998118 703
243293265 1998821
404205 564
404769 405
245292086 405174
112749 1041
113790 227
245697260 114017
362035 156733
245811277 518768
282577 524519
246330045 807096
1287684 6554
237 512
1294238 749
247137141 1294987
649538 10794
255 469
660332 724
248432128 661056
5774300 1981734
9608 6515
7756034 16123
249093184 7772157
390488 199
390687 384
256865341 391071
1294987 244598
257256412 1539585
357555 2844
360399 791
258795997 361190
1375459 67
1375526 1063
259157187 1376589
941834 1118
942952 512
260533776 943464
1432807 9728
131 11
1442535 142
261477240 1442677
1673994 5622
1679616 1523
262919917 1681139
912475 521
912996 827
264601056 913823
1272177 130
1272307 4
265514879 1272311
145314 125
145439 1024
266787190 146463
1321481 5649
1327130 1024
266933653 1328154
198417 174
198591 119
268261807 198710
2939606 246
2939852 15112
268460517 2954964
1583112 10794
408 365
1593906 773
271415481 1594679
584695 227
584922 475
273010160 585397
173277 227
273595557 173504
486792 4480
491272 4
273769061 491276
1157402 354
1157756 2652
274260337 1160408
3697449 880348
18528 479
4577797 19007
4596804 1024
275420745 4597828
482563 962134
280018573 1444697
193611 310067
281463270 503678
668016 1063
669079 199
281966948 669278
1695807 70951
30 2048
1766758 2078
282636226 1768836
3141804 198710
3340514 247
284405062 3340761
282577 37
282614 2247
287745823 284861
588182 4480
34 256
592662 290
288030684 592952
2523519 4884
2528403 10794
288623636 2539197
403586 16
403602 8
291162833 403610
416 70951
291566443 71367
424485 4992
42 11
429477 53
291637810 429530
2115966 19007
2362 131
2134973 2493
292067340 2137466
1569266 10
1569276 256
294204806 1569532
148230 181781
295774338 330011
335497 1024
296104349 336521
69632 82
69714 32
296440870 69746
1768836 9728
110 46
1778564 156
296510616 1778720
390418 237
298289336 390655
2391809 102756
4326 34
2494565 4360
298679991 2498925
22 9216
301178916 9238
5120 232
5352 99
301188154 5451
1031710 11857
192 392
1043567 584
301193605 1044151
776852 619
777471 10794
302237756 788265
640212 7617
40 39
647829 79
303026021 647908
27075 220470
303673929 247545
554845 4139
82 40
558984 122
303921474 559106
448395 417084
304480580 865479
252368 37
252405 1382
305346059 253787
157332 115
157447 1536
305599846 158983
148230 196
148426 2362
305758829 150788
160055 482
160537 448
305909617 160985
3470973 50282
1652 199
3521255 1851
306070602 3523106
3449029 13416
248 479
3462445 727
309593708 3463172
46468 110659
313056880 157127
157447 475
157922 396
313214007 158318
797692 3335
110 387
801027 497
313372325 801524
801524 157447
314173849 958971
941834 11
315132820 941845
3523106 19007
122 4139
3542113 4261
316074665 3546374
2688501 19007
248 408
2707508 656
319621039 2708164
424485 4360
39 64
428845 103
322329203 428948
434212 340
322758151 434552
1607407 10794
410 392
1618201 802
323192703 1619003
954057 1684
324811706 955741
524519 2522
527041 1945
325767447 528986
300055 476
300531 5777
326296433 306308
233238 1
326602741 233239
846892 15594
862486 1684
326835980 864170
1895949 29658
196 8
1925607 204
327700150 1925811
236587 235
236822 738
329625961 237560
3470973 24553
1041 396
3495526 1437
329863521 3496963
1540755 2844
1543599 4139
333360484 1547738
1216087 417084
334908222 1633171
1444697 5777
1450474 27
336541393 1450501
507360 286594
337991894 793954
73728 20
73748 42
338785848 73790
1382 266743
338859638 268125
69746 119137
339127763 188883
287647 1063
339316646 288710
797692 195
797887 8
339605356 797895
3697449 121384
3818833 364464
340403251 4183297
3052752 24553
521 1945
3077305 2466
344586548 3079771
1488682 19007
479 2
1507689 481
347666319 1508170
65536 2844
68380 408
349174489 68788
1695807 40691
3335 128
1736498 3463
349243277 1739961
2150210 476
2150686 10282
350983238 2160968
1029325 174
1029499 46
353144206 1029545
633308 255
633563 2652
354173751 636215
1312866 542
1313408 4992
354809966 1318400
409393 1087
410480 523
356128366 411003
85736 59
85795 1553
356539369 87348
10794 1041
11835 11
356626717 11846
332845 791
333636 16
356638563 333652
435236 456
435692 6025
356972215 441717
5622 267921
357413932 273543
335497 390
357687475 335887
59434 1062
60496 2844
358023362 63340
1114325 8192
82 3
1122517 85
358086702 1122602
1020134 502
1020636 285
359209304 1020921
131072 79
131151 5120
360230225 136271
495216 9216
360366496 504432
377913 6025
383938 405
360870928 384343
3463172 1006
3464178 2522
361255271 3466700
290 29043
364721971 29333
2170903 32768
227 1806
2203671 2033
364751304 2205704
922676 416
923092 5120
366957008 928212
321129 232
321361 128
367885220 321489
1847 474
368206709 2321
1348085 11835
1359920 1041
368209030 1360961
747239 20
747259 237
369569991 747496
904295 3463
907758 520
370317487 908278
991667 7617
999284 4992
371225765 1004276
1478996 370
1479366 3335
372230041 1482701
1359920 127
1360047 256
373712742 1360303
1778720 615
1779335 34
375073045 1779369
2060337 4139
2064476 20
376852414 2064496
300531 4261
16 8
304792 24
378916910 304816
284861 738
285599 99
379221726 285698
670701 246
379507424 670947
2288087 827
2288914 33
380178371 2288947
24553 37
24590 1945
382467318 26535
868292 309
868601 5589
382493853 874190
214549 2718856
383368043 2933405
1183319 119
1183438 232
386301448 1183670
4183297 101032
396 34
4284329 430
387485118 4284759
122583 727
123310 2767
391769877 126077
707191 17
707208 2048
391895954 709256
19007 482
19489 130
392605210 19619
364464 396
364860 1553
392624829 366413
336521 4480
341001 42
392991242 341043
2718856 10794
2729650 17
393332285 2729667
1321481 1953
1323434 475
396061952 1323909
485410 181741
397385861 667151
706766 1631262
398053012 2338028
640212 2477
642689 1823
400391040 644512
514971 39
515010 17
401035552 515027
290321 44
290365 64
401550579 290429
1633303 8192
64 8
1641495 72
401841008 1641567
2070475 340
2070815 6554
403482575 2077369
401490 195
401685 8
405559944 401693
346283 128
346411 4
405961637 346415
497 18329
406308052 18826
52934 130
406326878 53064
1046869 624
1047493 6515
406379942 1054008
278528 475
279003 128
407433950 279131
123310 10
123320 512
407713081 123832
680401 615
407836913 681016
1144560 1063
1145623 39
408517929 1145662
597195 24590
523 130
621785 653
409663591 622438
416 508301
410286029 508717
1183670 10794
1194464 8
410794746 1194472
649538 942
650480 365
411989218 650845
82074 1433
83507 2
412640063 83509
1488682 714
1489396 10282
412723572 1499678
2963756 476
2964232 9608
414223250 2973840
83509 33
83542 791
417197090 84333
1160408 1437
1161845 16384
417281423 1178229
261158 474
261632 475
418459652 262107
102756 724
103480 4099
418721759 107579
247634 13264
418829338 260898
1981734 802
1982536 8714
419090236 1991250
29333 485
421081486 29818
87399 3
87402 32
421111304 87434
2830761 9238
2839999 256
421198738 2840255
633563 403586
424038993 1037149
575494 130
425076142 575624
880348 416
880764 13289
425651766 894053
83542 39
83581 17
426545819 83598
2236989 310067
426629417 2547056
310067 1684
311751 128
429176473 311879
3593756 703
3594459 40664
429488352 3635123
285599 2844
433123475 288443
282614 387103
433411918 669717
313576 3463
523 42
317039 565
434081635 317604
2048464 9728
11 128
2058192 139
434399239 2058331
71367 1953
73320 387
436457570 73707
1631262 71
1631333 827
436531277 1632160
649538 75264
438163437 724802
797895 738
798633 36
438888239 798669
1784474 101032
1006 404
1885506 1410
439686908 1886916
366413 1041
367454 199
441573824 367653
1784474 6554
738 99
1791028 837
441941477 1791865
3003743 5451
3009194 3
443733342 3009197
401693 791
402484 20
446742539 402504
38981 1553
447145043 40534
542845 1945
544790 17
447185577 544807
142381 46
142427 42
447730384 142469
237560 404
237964 396
447872853 238360
60496 1006
61502 390
448111213 61892
2227773 404
2228177 482
448173105 2228659
131151 4139
135290 82
450401764 135372
27075 365
27440 404
450537136 27844
1328154 1118
1329272 2
450564980 1329274
262224 78603
451894254 340827
273543 1006
274549 615
452235081 275164
1633303 4360
27 36
1637663 63
452510245 1637726
1401351 27844
1429195 2466
454147971 1431661
1476 1074408
455579632 1075884
485 156733
456655516 157218
249745 41
249786 1553
456812734 251339
680401 64
680465 16
457064073 680481
2160968 565
2161533 2466
457744554 2163999
864170 78603
459908553 942773
2338028 26535
232 4
2364563 236
460851326 2364799
1226785 5589
1232374 405
463216125 1232779
239849 1663
464448904 241512
365 195
464690416 560
35708 2033
37741 416
464690976 38157
748865 474
749339 408
464729133 749747
3340761 4261
3345022 122
465478880 3345144
216689 984
217673 392
468824024 218065
597195 10267
607462 237
469042089 607699
962855 405
963260 448
469649788 963708
57778 98450
470613496 156228
1547738 469
1548207 1806
470769724 1550013
222472 50
222522 1066
472319737 223588
352985 34
353019 27
472543325 353046
1114325 2362
1116687 1536
472896371 1118223
40691 22
40713 2477
474014594 43190
660332 615
660947 44
474057784 660991
3345144 78908
71 1118
3424052 1189
474718775 3425241
2830761 96
2830857 1724
478144016 2832581
430542 111
430653 1724
480976597 432377
377913 1806
379719 482
481408974 380201
1695807 2844
481789175 1698651
1232779 6515
1239294 523
483487826 1239817
448395 2247
450642 4
484727643 450646
87434 2477
89911 4
485178289 89915
435692 2493
438185 512
485268204 438697
880764 12529
469 20
893293 489
485706901 893782
1239817 523
1240340 474
486600683 1240814
32768 41
32809 1945
487841497 34754
1531340 3166
11 8
1534506 19
487876251 1534525
142427 554845
489410776 697272
114017 50
114067 1663
490108048 115730
4597828 19619
900 420
4617447 1320
490223778 4618767
559106 192
559298 8
494842545 559306
258889 404
259293 99
495401851 259392
1194472 2078
1196550 13264
495661243 1209814
507906 962855
496871057 1470761
1262584 46
1262630 512
498341818 1263142
277958 365
278323 11
499604960 278334
1122602 204
1122806 6025
499883294 1128831
801524 30
801554 2652
501012125 804206
518768 1024
519792 16
501816331 519808
266743 237
266980 2
502336139 266982
747004 256
502603121 747260
2729667 4261
2733928 30050
503350381 2763978
2170903 30861
396 11
2201764 407
506114359 2202171
2821609 340
2821949 984
508316530 2822933
214549 319234
511139463 533783
1089952 738
1090690 469
511673246 1091159
279131 96
279227 237
512764405 279464
278323 217673
513043869 495996
434212 131
434343 2
513539865 434345
846892 1472
848364 1684
513974210 850048
1087 1009760
514824258 1010847
661056 791
661847 738
515835105 662585
1791865 26535
523 8
1818400 531
516497690 1818931
29658 15112
518316621 44770
913947 29043
518361391 942990
1641567 9238
199 2
1650805 201
519304381 1651006
193611 82
193693 448
520955387 194141
3635123 901768
521149528 4536891
2498925 5352
10 16
2504277 26
525686419 2504303
1476 16384
528190722 17860
2718856 5451
17 8
2724307 25
528208582 2724332
2391809 50282
738 448
2442091 1186
530932914 2443277
442114 4096
533376191 446210
131151 235
131386 1663
533822401 133049
1508170 5622
1513792 13289
533955450 1527081
84945 9728
535482531 94673
2582420 11857
469 199
2594277 668
535577204 2594945
191570 827
192397 482
538172149 192879
119137 410
119547 408
538365028 119955
542845 942
543787 577
538484983 544364
1432807 624
1433431 523
539029347 1433954
1473812 64
540463301 1473876
878436 487
541937177 878923
738 683444
542816100 684182
660332 237
660569 2
543500282 660571
519808 2247
522055 42
544160853 522097
123310 32768
544682950 156078
294933 110600
544839028 405533
2391809 11857
2403666 1024
545244561 2404690
991667 3463
995130 1851
547649251 996981
245568 420
245988 1041
548646232 247029
457785 3463
461248 8563
548893261 469811
367653 2493
370146 4326
549363072 374472
3141804 71367
546 174
3213171 720
549737544 3213891
2170903 14207
2185110 110
552951435 2185220
442114 1118
555136655 443232
2077369 387
2077756 523
555579887 2078279
40713 498
41211 1536
557658166 42747
268350 2522
270872 396
557700913 271268
1122602 266624
557972181 1389226
336521 3463
44 256
339984 300
559361407 340284
709256 22
709278 171
559701691 709449
958971 1472
960443 16
560411140 960459
409393 791
410184 51
561371599 410235
2708164 5451
2713615 1953
561781834 2715568
958971 1194
960165 50
564497402 960215
650845 3463
448 10
654308 458
565457617 654766
2033 394123
566112383 396156
1739961 19619
37 2247
1759580 2284
566508539 1761864
1318400 791
1319191 192
568270403 1319383
5278895 287647
5566542 119
569589786 5566661
554845 564
555409 131
575156447 555540
1161845 3166
1165011 1523
575711987 1166534
486792 136849
576878521 623641
131386 11
131397 384
577502162 131781
1673994 335
1674329 3335
577633943 1677664
133049 1041
134090 479
579311607 134569
1791865 4261
1796126 8092
579446176 1804218
179089 99
179188 384
581250394 179572
237560 41
237601 256
581429966 237857
476927 791
477718 410
581667823 478128
313576 1663
315239 392
582145951 315631
1637726 71
1637797 2844
582461582 1640641
3635123 18528
192 36
3653651 228
584102223 3653879
607462 26535
587756102 633997
237857 681016
588390099 918873
49152 171
49323 479
589308972 49802
142381 1030115
589358774 1172496
78908 485
79393 1684
590531270 81077
714808 2493
717301 1945
590612347 719246
935978 738
936716 8
591331593 936724
310067 564
310631 128
592268317 310759
1641567 18
1641585 5777
592579076 1647362
597195 1945
599140 3
594226438 599143
71367 1006
72373 747
594825581 73120
486792 479
594898701 487271
284861 901768
595385972 1186629
5238204 29333
5267537 85
596572601 5267622
2228659 70
2228729 1553
601840223 2230282
322969 791
323760 20
604070505 323780
1337865 791
1338656 408
604394285 1339064
218223 1066
219289 115
605733349 219404
424485 41
424526 2477
605952753 427003
61502 107579
606379756 169081
16384 405
16789 256
606548837 17045
1886916 125
1887041 1041
606565882 1888082
4284759 8563
4293322 32
608453964 4293354
1128831 290
1129121 6515
612747318 1135636
82074 365
82439 396
613882954 82835
411003 479
411482 199
613965789 411681
121384 96
614377470 121480
121384 131
614498950 121515
1508170 192
1508362 115
614620465 1508477
69746 232
69978 469
616128942 70447
680481 39
680520 130
616199389 680650
311879 1054008
616880039 1365887
317039 846892
618245926 1163931
2597177 150
2597327 3335
619409857 2600662
923092 196
923288 4480
622010519 927768
107579 268125
622938287 375704
1739961 6554
125 827
1746515 952
623313991 1747467
1253176 4360
1257536 233
625061458 1257769
654766 5352
660118 21
626319227 660139
41 306705
626979366 306746
367653 469
368122 1724
627286112 369846
390488 1553
627655958 392041
1232374 148426
628047999 1380800
1216706 1194
1217900 1024
629428799 1218924
880764 70
880834 2247
630647723 883081
171437 237
171674 256
631530804 171930
1253176 1118
1254294 42
631702734 1254336
684182 385
684567 1945
632957070 686512
131781 827
132608 11
633643582 132619
1183670 232
1183902 512
633776201 1184414
913823 661056
634960615 1574879
1044151 984
1045135 523
636535494 1045658
727 245498
637581152 246225
883081 249786
637827377 1132867
2067412 73
2067485 1823
638960244 2069308
199953 28805
641029552 228758
3009497 6025
3015522 247
641258310 3015769
53064 29333
644274079 82397
416 355831
644356476 356247
443232 166
443398 2767
644712723 446165
515010 971986
645158888 1486996
1091159 1953
1093112 2048
646645884 1095160
489 290770
647741044 291259
801554 1063
802617 36
648032303 802653
1004276 967
1005243 4326
648834956 1009569
1209814 885
1210699 4884
649844525 1215583
71367 174
71541 396
651060108 71937
78603 171
78774 99
651132045 78873
5774300 457785
123 1806
6232085 1929
651210918 6234014
310759 919907
657444932 1230666
357555 46
357601 2652
658675598 360253
508301 130
659035851 508431
647829 195197
659544282 843026
74123 479
74602 82
660387308 74684
995130 111
995241 1724
660461992 996965
181781 3463
185244 335
661458957 185579
1513792 8714
256 4
1522506 260
661644536 1522766
1339077 4139
82 10
1343216 92
663167302 1343308
171437 30853
664510610 202290
370 137323
664712900 137693
405533 122541
664850593 528074
707208 232
707440 1553
665378667 708993
255850 246
256096 482
666087660 256578
522097 27
666344238 522124
543787 7617
666866362 551404
2115966 747
2116713 1663
667417766 2118376
597195 18
597213 1823
669536142 599036
3213891 60496
523 475
3274387 998
670135178 3275385
1487975 626588
673410563 2114563
515027 27
515054 2048
675525126 517102
3213891 59434
3273325 16
676042228 3273341
461248 6515
467763 41
679315569 467804
1470761 615
1471376 40
679783373 1471416
1093112 99
1093211 1684
681254789 1094895
682349684 267965
1257536 4139
682617649 1261675
2230282 449
2230731 4096
683879324 2234827
368122 434345
686114151 802467
59434 482
59916 4
686916618 59920
256096 502
686976538 256598
73320 2718848
687233136 2792168
506512 36
506548 64
690025304 506612
1818931 40713
1859644 99
690531916 1859743
290 176271
692391659 176561
757010 2247
759257 39
692568220 759296
1380800 5622
1386422 2362
693327516 1388784
929424 624
930048 1652
694716300 931700
528986 449
529435 1823
695648000 531258
487271 2652
489923 27
696179258 489950
515010 1724
696669208 516734
290837 991247
697185942 1282084
226573 82
226655 4
698468026 226659
1569532 2477
1572009 82
698694685 1572091
1075884 119
1076003 6515
700266776 1082518
1401351 13416
1414767 13289
701349294 1428056
366413 405
366818 256
702777350 367074
936724 420
937144 3335
703144424 940479
843026 1066
844092 130
704084903 844222
1550738 1851
1552589 4139
704929125 1556728
73320 1851
706485853 75171
3594459 615
3595074 1724
706561024 3596798
186107 524519
710157822 710626
2137466 99
2137565 8704
710868448 2146269
2600662 75171
2675833 1851
713014717 2677684
1534506 801027
715692401 2335533
2442091 90551
718027934 2532642
195414 457310
720560576 652724
1651006 17045
1668051 19
721213300 1668070
1692641 6
1692647 2477
722881370 1695124
1269355 2051
1271406 390
724576494 1271796
203431 2048
205479 64
725848290 205543
1818931 405
1819336 1684
726053833 1821020
1982536 2767
1985303 474
727874853 1985777
205543 845
206388 867
729860630 207255
315239 317039
730067885 632278
107579 405
107984 99
730700163 108083
188883 1118
190001 410
730808246 190411
1196550 9728
227 115
1206278 342
730998657 1206620
687150 624
687774 448
732205277 688222
478128 475
478603 482
732893499 479085
217673 8714
733372584 226387
75171 27844
733598971 103015
3166 1400268
733701986 1403434
1403434 18
1403452 8092
735105420 1411544
201 429927
736516964 430128
2078279 1847
2080126 18528
736947092 2098654
21 346593
739045746 346614
518768 249297
739392360 768065
567752 41
567793 1684
740160425 569477
4618767 17045
4635812 37
740729902 4635849
3697449 469
3697918 2
745365751 3697920
396156 502
396658 1840
749063671 398498
1791865 71
1791936 827
749462169 1792763
148210 1066
751254932 149276
112749 10
112759 1024
751404208 113783
230298 1684
231982 36
751517991 232018
2688198 11
751750009 2688209
2338028 6554
110 115
2344582 225
754438218 2344807
340827 73728
756783025 414555
4293354 98450
44 1472
4391804 1516
757197580 4393320
883081 20
883101 448
761590900 883549
2070065 392
2070457 17
762474449 2070474
332845 73
764544923 332918
628639 20
628659 199
764877841 628858
719246 306308
765506699 1025554
1183902 44
766532253 1183946
533783 99
533882 131
767716199 534013
300531 430
300961 2767
768250212 303728
1414767 10282
127 237
1425049 364
768553940 1425413
275164 967
276131 476
769979353 276607
85736 4326
770255960 90062
500178 2362
502540 232
770346022 502772
520 215376
770848794 215896
2205704 4884
2210588 2
771064690 2210590
575624 4480
192 99
580104 291
773275280 580395
1895949 255
1896204 28241
773855675 1924445
2288947 141312
775780120 2430259
84945 508050
778210379 592995
2210590 474
2211064 479
778803374 2211543
90551 1062
91613 1806
781014917 93419
942 409363
781108336 410305
285599 125
781518641 285724
2792168 13052
2805220 482
781804365 2805702
364860 119
364979 34
784610067 365013
1543599 449
1544048 3335
784975080 1547383
482549 10240
786522463 492789
247029 239849
787015252 486878
41211 140
41351 624
787502130 41975
3818833 79393
196 512
3898226 708
787544105 3898934
285 15112
791443039 15397
2688501 30
2688531 7617
791458436 2696148
3141804 19619
2844 1118
3161423 3962
794154584 3165385
291259 55
291314 512
797319969 291826
142469 10267
797611795 152736
1224010 396
1224406 512
797764531 1224918
450872 2844
82 199
453716 281
798989449 453997
981519 2652
984171 32
799443446 984203
607699 1087
608786 370
800427649 609156
244598 384
801036805 244982
807096 17045
64 4
824141 68
801281787 824209
355831 11857
802105996 367688
119955 36
119991 256
802473684 120247
807096 8714
396 99
815810 495
802593931 816305
2031342 260
2031602 15594
803410236 2047196
996965 724802
805457432 1721767
4326 524050
807179199 528376
2078279 237
2078516 1553
807707575 2080069
317039 554845
809787644 871884
402504 633563
810659528 1036067
362035 1472
811695595 363507
1186 252368
812059102 253554
3275385 9728
40 237
3285113 277
812312656 3285390
61502 64541
815598046 126043
3496963 4326
3501289 15112
815724089 3516401
1030485 374684
819240490 1405169
1467505 20
1467525 42
820645659 1467567
1467567 1684
1469251 32
822113226 1469283
392041 1194
393235 166
823582509 393401
331179 885
332064 485
823975910 332549
90062 585776
824308459 675838
2185220 4360
2189580 521
824984297 2190101
1641585 1066
827174398 1642651
396156 46
396202 232
828817049 396434
878020 384467
829213483 1262487
1930150 1476
1931626 1684
830475970 1933310
1206620 36
1206656 128
832409280 1206784
218065 528986
833616064 747051
1425413 827
1426240 408
834363115 1426648
824209 70
824279 1840
835789763 826119
1885506 396
1885902 16
836615882 1885918
609156 10794
3 4
619950 7
838501800 619957
967887 521
968408 827
839121757 969235
6025 984
840090992 7009
2288087 55
2288142 130
840098001 2288272
3079771 28805
3108576 1652
842386273 3110228
1132867 326
1133193 1066
845496501 1134259
4393320 1684
4395004 32768
846630760 4427772
714808 115
714923 99
851058532 715022
1478885 128
851773554 1479013
362035 215376
853252567 577411
941834 156308
853829978 1098142
215896 188619
854928120 404515
295762 410
296172 404
855332635 296576
456310 564
456874 192
855629211 457066
2190101 1523
2191624 11
856086277 2191635
35612 9608
858277912 45220
435692 174
435866 738
858323132 436604
4360 1194
858759736 5554
680650 507360
858765290 1188010
25 1467505
859953300 1467530
4326 8307
861420830 12633
4635849 43190
40 128
4679039 168
861433463 4679207
816305 3463
819768 523
866112670 820291
2805702 8307
2814009 1118
866932961 2815127
2292988 32809
476 487
2325797 963
869748088 2326760
495996 900
496896 1536
872074848 498432
963260 38157
872573280 1001417
559306 3463
873574697 562769
1294987 39
1295026 1553
874137466 1296579
669278 357555
875434045 1026833
1297412 3271
1300683 4480
876460878 1305163
1574879 410
1575289 384
877766041 1575673
405533 749
406282 2844
879341714 409126
282577 215571
879750840 498148
333652 4099
880248988 337751
390418 1823
880586739 392241
1998821 30861
2029682 410
880978980 2030092
123832 1663
125495 34
883009072 125529
34754 2288087
883134601 2322841
233239 192
885457442 233431
1821020 5649
99 27
1826669 126
885690873 1826795
1401331 160055
887517668 1561386
303728 827
304555 131
889079054 304686
3213891 24590
387 396
3238481 783
889383740 3239264
152736 1791865
892623004 1944601
75264 2477
77741 256
894567605 77997
1122602 226571
894645602 1349173
1041 401490
895994775 402531
245568 319234
896397306 564802
188619 130
896962108 188749
90551 499743
897150857 590294
527041 474
527515 396
897741151 527911
16789 98124
898269062 114913
995241 967
996208 405
898383975 996613
260 220470
899380588 220730
1157756 78908
899601318 1236664
121515 196
121711 469
900837982 122180
4183297 95490
615 73
4278787 688
900960162 4279475
286594 1553
905239637 288147
368122 27
368149 1684
905527784 369833
29658 51
905897617 29709
222522 82
222604 2
905927326 222606
40713 2048
906149932 42761
479085 1724
480809 8
906192693 480817
588182 1663
589845 2
906673510 589847
1792763 1360047
907263357 3152810
19619 1724
21343 195
910416167 21538
219404 346415
910437705 565819
370146 140
370286 1684
911003524 371970
478603 173277
911375494 651880
53133 404
53537 10
912027374 53547
2292988 27844
34 27
2320832 61
912080921 2320893
259392 387
259779 1066
914401814 260845
303728 303
304031 523
914662659 304554
609156 174
609330 9728
914967213 619058
1451666 1041
1452707 40
915586271 1452747
1821020 1433
1822453 2
917039018 1822455
545905 649538
918861473 1195443
1210699 1020921
920056916 2231620
569477 1513792
922288536 2083269
92 87399
924371805 87491
346614 408
347022 3335
924459296 350357
103480 485
103965 984
924809653 104949
357601 773
358374 1840
924914602 360214
95490 624
96114 791
925274816 96905
345875 110600
925371721 456475
228758 119
228877 237
925828196 229114
306308 352370
926057310 658678
1196550 115
1196665 512
926715988 1197177
278334 69714
927913165 348048
131781 64426
928261213 196207
3275385 42
3275427 1553
928457420 3276980
1577358 521
1577879 3271
931734400 1581150
112759 365
113124 4
933315550 113128
535313 20
535333 237
933428678 535570
126077 1442535
933964248 1568612
1240814 5352
1246166 1724
935532860 1247890
2763978 364
2764342 14207
936780750 2778549
1534525 2362
1536887 130
939559299 1537017
913947 404
914351 195
941096316 914546
241512 387
241899 2
942010862 241901
2840255 45220
791 448
2885475 1239
942252763 2886714
205543 366818
945139477 572361
1009569 474
945711838 1010043
179089 74112
946721881 253201
2916204 7009
17 11
2923213 28
946975082 2923241
2292988 9238
2302226 479
949898323 2302705
1005243 41
1005284 1840
952201028 1007124
311879 410
312289 365
953208152 312654
1026833 2964232
953520806 3991065
77997 125
957511871 78122
2582420 827
2583247 6515
957589993 2589762
256874 942
257816 410
960179755 258226
300531 39
300570 384
960437981 300954
3165385 41351
370 130
3206736 500
960738935 3207236
1013731 1553
1015284 16
963946171 1015300
2048464 6025
2054489 256
964961471 2054745
342865 286145
967016216 629010
1925811 2652
1928463 128
967645226 1928591
671492 365
969573817 671857
1433954 8307
1442261 40
970245674 1442301
726082 51
726133 10282
971687975 736415
346593 2477
972424390 349070
176561 335
176896 1472
972773460 178368
609330 5451
614781 707
972951828 615488
207255 1953
209208 4099
973567316 213307
586061 524050
973780623 1110111
333652 1553
335205 32
974890734 335237
2600662 65536
1041 70
2666198 1111
975225971 2667309
370286 232
370518 404
977893280 370922
1651006 1140234
978264202 2791240
37741 1074408
981055442 1112149
1103368 115
1103483 195
982167591 1103678
575624 237
575861 64
983271269 575925
428845 1487975
983847194 1916820
3110228 15594
34 131
3125822 165
985764014 3125987
196207 3
196210 42
988890001 196252
1329274 396
1329670 39
989086253 1329709
241899 660947
990415962 902846
2236989 13416
192 475
2250405 667
991318808 2251072
531258 390
993569880 531648
2939852 10794
469 512
2950646 981
994101528 2951627
960459 942990
997053155 1903449
417473 512
998956604 417985
