3127
1 1
2 2
4 4
8 8
16 16
32 32
64 64
128 128
256 256
512 512
1024 1024
2048 2048
4096 4096
8192 8192
16384 16384
32768 32768
65536 65536
131072 131072
262144 262144
524288 524288
262144 65536
32768 16384
4096 128
64 32
4 1
327680 49152
4224 96
376832 4320
381152 5
1048576 381157
381157 2048
512 256
128 64
16 4
383205 768
192 20
383973 212
1429733 384185
1048576 131072
16384 1024
256 128
32 1
1179648 17408
384 33
1197056 417
1813918 1197473
524288 262144
17408 8192
4224 32
786432 25600
4256 4
812032 4260
3011391 816292
524288 131072
49152 8192
2048 1024
512 64
20 8
655360 57344
3072 576
28 2
712704 3648
716352 30
3827683 716382
1048576 25600
4320 2048
417 64
1074176 6368
481 16
1080544 497
4544065 1081041
655360 49152
1024 768
96 20
704512 1792
116 2
706304 118
5625106 706422
1429733 131072
65536 8192
4256 1024
1560805 73728
1634533 5280
6331528 1639813
1813918 131072
17408 5280
28 64
1944990 22688
1967678 92
7971341 1967770
1967770 655360
22688 1024
576 30
2623130 23712
606 33
2646842 639
9939111 2647481
73728 49152
2048 256
64 5
122880 2304
69 2
125184 71
12586592 125255
131072 57344
2304 192
188416 2496
190912 256
12711847 191168
1967770 191168
25600 5280
639 71
8 5
2158938 30880
710 13
2189818 723
2190541 2
12903015 2190543
327680 6368
1024 384
16 2
334048 1408
335456 18
15093558 335474
1429733 8192
5280 710
1437925 5990
1443915 92
15429032 1444007
1444007 73728
17408 13
1517735 17421
1535156 4320
16873039 1539476
4544065 384185
5280 256
4928250 5536
4933786 16
18412515 4933802
32768 8192
4320 13
40960 4333
45293 69
23346317 45362
1639813 32768
1408 33
16 8
1672581 1441
1674022 24
23391679 1674046
8192 4333
768 33
12525 801
13326 8
25065725 13334
73728 2496
212 13
76224 225
76449 4
25079059 76453
131072 25600
4333 225
156672 4558
161230 8
25155512 161238
3827683 191168
49152 4558
71 212
4018851 53710
4072561 283
25316750 4072844
161238 13334
2496 128
32 16
174572 2624
177196 48
29389594 177244
40960 3648
13 4
44608 17
29566838 44625
816292 156672
3648 283
13 2
972964 3931
976895 15
29611463 976910
3011391 76453
3072 33
3087844 3105
3090949 2
30588373 3090951
262144 17421
4558 606
279565 5164
284729 8
33679324 284737
32768 13
32781 30
33964061 32811
1197473 45362
3105 384
13 1
1242835 3489
1246324 14
33996872 1246338
524288 32811
5536 92
557099 5628
562727 118
35243210 562845
384185 76453
32811 13
460638 32824
493462 497
35806055 493959
2647481 191168
25600 48
2838649 25648
2864297 512
36300014 2864809
460638 23712
71 17
484350 88
484438 2
39164823 484440
716382 6368
512 8
722750 520
723270 2
39649263 723272
76453 17421
384 2
93874 386
94260 1
40372535 94261
284737 13334
520 128
298071 648
40466796 298719
191168 53710
3489 20
244878 3509
248387 2
40765515 248389
1674046 94261
8192 1792
225 8
1768307 9984
233 4
1778291 237
41013904 1778528
1813918 76453
8192 801
1890371 8993
1899364 481
42792432 1899845
816292 65536
2624 30
881828 2654
884482 32
44692277 884514
1197473 32824
6368 1441
283 2
1230297 7809
1238106 285
45576791 1238391
131072 9984
1024 237
141056 1261
142317 69
46815182 142386
816292 9984
1792 192
826276 1984
828260 8
46957568 828268
2190543 45362
2048 237
2235905 2285
2238190 17
47785836 2238207
384185 65536
3931 128
14 13
449721 4059
453780 27
50024043 453807
76453 13334
481 5
89787 486
90273 4
50477850 90277
262144 13334
801 8
275478 809
50568127 276287
493959 25648
519607 417
50844414 520024
723272 5990
233 96
729262 329
51364438 729591
729591 53710
283 481
783301 764
52094029 784065
449721 71
449792 92
52878094 449884
191168 44625
69 20
235793 89
53327978 235882
73728 1441
118 128
75169 246
53563860 75415
191168 30880
329 639
222048 968
53639275 223016
562845 23712
809 15
586557 824
587381 92
53862291 587473
1074176 824
1075000 386
54449764 1075386
786432 5164
71 20
791596 91
55525150 791687
1778528 8993
386 5
1787521 391
1787912 16
56316837 1787928
884514 76453
6368 1261
118 4
960967 7629
968596 122
58104765 968718
1246338 40960
2048 92
1287298 2140
1289438 33
59073483 1289471
2238207 94261
17421 89
2332468 17510
2349978 225
60362954 2350203
1560805 65536
283 28
1626341 311
62713157 1626652
828268 49152
212 20
877420 232
64339809 877652
884514 53710
1792 497
938224 2289
65217461 940513
327680 4558
89 512
332238 601
66157974 332839
32824 4558
225 24
37382 249
66490813 37631
94261 7629
32 4
101890 36
66528444 101926
1246338 25648
3509 27
1271986 3536
1275522 28
66630370 1275550
335474 17510
1792 64
352984 1856
354840 8
67905920 354848
1639813 25648
3072 192
1665461 3264
68260768 1668725
384185 57344
4558 417
441529 4975
446504 33
69929493 446537
791687 6368
283 64
798055 347
70376030 798402
161238 9984
2140 17
171222 2157
173379 96
71174432 173475
384185 7809
122 32
391994 154
71347907 392148
17 22688
71740055 22705
76453 9984
311 116
86437 427
71762760 86864
828268 13334
2654 233
841602 2887
844489 69
71849624 844558
1967770 57344
1984 24
2025114 2008
72694182 2027122
40960 1261
69 8
42221 77
74721304 42298
222048 118
222166 192
74763602 222358
1289471 17510
28 4096
1306981 4124
74985960 1311105
262144 4124
266268 427
76297065 266695
484440 8192
233 128
492632 361
76563760 492993
453807 2289
456096 1261
77056753 457357
1311105 13334
2496 14
1324439 2510
1326949 92
77514110 1327041
1813918 32824
4333 118
1846742 4451
78841151 1851193
587473 65536
1441 225
653009 1666
654675 16
80692344 654691
223016 285
223301 3931
81347035 227232
484440 4975
489415 2285
81574267 491700
191168 1856
5 4
193024 9
82065967 193033
844558 5628
237 15
850186 252
82259000 850438
279565 2157
281722 311
83109438 282033
976910 25648
1002558 13326
83391471 1015884
248389 233
248622 384
84407355 249006
489415 1441
192 4
490856 196
84656361 491052
4933802 298719
71 3072
5232521 3143
85147413 5235664
1048576 6368
232 417
1054944 649
90383077 1055593
392148 30880
1261 24
423028 1285
424313 71
91438670 424384
562845 16384
116 33
579229 149
91863054 579378
587473 57344
2157 48
644817 2205
647022 33
92442432 647055
2238207 25648
764 4059
2263855 4823
93089487 2268678
4072844 335474
3489 2
4408318 3491
4411809 1
95358165 4411810
1674046 23712
237 1441
1697758 1678
99769975 1699436
493959 16384
710 192
510343 902
101469411 511245
3090951 65536
3072 18
3156487 3090
3159577 13
101980656 3159590
884514 23712
520 710
908226 1230
105140246 909456
392148 17510
4558 64
409658 4622
414280 8
106049702 414288
1560805 40960
639 4
1601765 643
106463990 1602408
909456 9984
77 481
919440 558
108066398 919998
1311105 233
1311338 18
108986396 1311356
1944990 2510
1947500 1261
110297752 1948761
1230297 48
1230345 723
112246513 1231068
249006 154
249160 5280
113477581 254440
193033 8993
601 4
202026 605
113732021 202631
298719 23712
1856 13
322431 1869
324300 16
113934652 324316
57344 6368
154 968
63712 1122
114258968 64834
2027122 45362
1285 48
2072484 1333
114323802 2073817
32824 3648
13 118
36472 131
116397619 36603
237 284729
116434222 284966
392148 6368
285 92
398516 377
116719188 398893
723272 710
723982 384
117118081 724366
844558 27
844585 606
117842447 845191
1246338 643
1246981 768
118687638 1247749
398893 4124
64 8
403017 72
119935387 403089
2008 352984
120338476 354992
729591 8192
77 639
737783 716
120693468 738499
298719 13334
9 1792
312053 1801
121431967 313854
489415 639
490054 2
121745821 490056
30 32
122235877 62
334048 386
334434 96
122235939 334530
101926 1666
103592 16
122570469 103608
1560805 13334
2205 32
1574139 2237
122674077 1576376
1048576 3509
1052085 24
124250453 1052109
722750 30
722780 64
125302562 722844
65536 3489
69025 116
126025406 69141
647055 1333
648388 481
126094547 648869
1081041 75415
246 13
1156456 259
126743416 1156715
1081041 23712
1261 256
1104753 1517
127900131 1106270
460638 4622
465260 36
129006401 465296
284966 4975
88 69
289941 157
129471697 290098
587473 32824
9 3509
620297 3518
129761795 623815
354992 9984
710 4
364976 714
130385610 365690
798402 9984
17 481
808386 498
130751300 808884
524288 17510
1230 16
541798 1246
131560184 543044
25648 1666
27314 648
132103228 27962
1002558 1261
1003819 20
132131190 1003839
2238207 4333
2242540 1792
133135029 2244332
465296 17510
1230 8
482806 1238
135379361 484044
655360 37631
233 32
692991 265
135863405 693256
1197473 27962
69 118
1225435 187
136556661 1225622
103608 4124
107732 768
137782283 108500
424384 13334
246 2624
437718 2870
137890783 440588
4544065 313854
1984 237
4857919 2221
138331371 4860140
142386 8192
212 4
150578 216
143191511 150794
335474 824
336298 639
143342305 336937
9984 285
10269 71
143679242 10340
723272 232
723504 311
143689582 723815
449884 237
450121 2304
144413397 452425
173475 92
173567 256
144865822 173823
1015884 25648
30 128
1041532 158
145039645 1041690
254440 2237
256677 192
146081335 256869
1081041 10340
311 1261
1091381 1572
146338204 1092953
365690 6368
576 8
372058 584
147431157 372642
5625106 57344
259 1984
5682450 2243
147803799 5684693
1437925 824
1438749 2048
153488492 1440797
424384 10340
1572 8
434724 1580
436304 4
154929289 436308
1699436 63712
48 116
1763148 164
155365597 1763312
354992 237
355229 1792
157128909 357021
76453 558
77011 1792
157485930 78803
161238 4823
166061 196
157564733 166257
2073817 65536
122 2304
2139353 2426
157730990 2141779
704512 28
704540 16
159872769 704556
424384 1285
425669 18
160577325 425687
86864 809
87673 13
161003012 87686
3159590 587473
158 22705
3747063 22863
161090698 3769926
644817 723
645540 256
164860624 645796
1327041 44625
27 128
1371666 155
165506420 1371821
361 125184
166878241 125545
465296 8192
232 386
473488 618
167003786 474106
193033 72
193105 902
167477892 194007
786432 27
786459 285
167671899 786744
45362 36
45398 232
168458643 45630
1271986 311
1272297 639
168504273 1272936
1890371 4823
17 30
1895194 47
169777209 1895241
845191 4558
849749 32
171672450 849781
620297 285
620582 639
172522231 621221
2190543 37631
601 801
2228174 1402
173143452 2229576
2647481 232
2647713 1261
175373028 2648974
465296 5990
14 192
471286 206
178022002 471492
174572 391
174963 417
178493494 175380
4544065 3143
4547208 25600
178668874 4572808
655360 13334
723 16
668694 739
183241682 669433
1015884 7629
154 20
1023513 174
183911115 1023687
3159590 94261
3491 2654
3253851 6145
184934802 3259996
69141 801
188194798 69942
1674046 12525
27 192
1686571 219
188264740 1686790
45630 13
45643 2048
189951530 47691
2073817 5536
2079353 4
189999221 2079357
1602408 10269
1612677 2048
192078578 1614725
409658 259
409917 2624
193693303 412541
1517735 8993
710 71
1526728 781
194105844 1527509
669433 13334
809 92
682767 901
195633353 683668
40960 381152
196317021 422112
456096 801
456897 69
196739133 456966
1813918 17510
17 768
1831428 785
197196099 1832213
1851193 25648
233 18
1876841 251
199028312 1877092
1639813 23712
1024 16
1663525 1040
200905404 1664565
1327041 17510
3264 128
1344551 3392
1347943 32
202569969 1347975
2027122 13334
1246 601
2040456 1847
203917944 2042303
579378 311
579689 1792
205960247 581481
543044 3491
546535 8993
206541728 555528
2079357 32824
2654 18
2112181 2672
2114853 96
207097256 2114949
2229576 2243
2231819 361
209212205 2232180
150794 3509
154303 2304
211444385 156607
324316 809
325125 96
211600992 325221
78803 3648
14 212
82451 226
211926213 82677
357021 648
357669 6368
212008890 364037
284729 40960
212372927 325689
177244 3536
180780 2289
212698616 183069
655360 1285
17 2
656645 19
212881685 656664
142386 558
142944 232
213538349 143176
36603 89787
213681525 126390
511245 6368
968 13
517613 981
213807915 518594
2623130 154
2623284 3648
214326509 2626932
546535 1847
548382 764
216953441 549146
940513 377
940890 5280
217502587 946170
103608 828260
218448757 931868
683668 33
683701 2
219380625 683703
256677 65536
220064328 322213
1787912 335456
220386541 2123368
364976 384
222509909 365360
1444007 57344
5990 13
1501351 6003
1507354 92
222875269 1507446
587473 13334
5 32
600807 37
224382715 600844
946170 233
946403 17
224983559 946420
47691 252
225929979 47943
587473 3518
590991 2237
225977922 593228
1327041 10340
1337381 605
226571150 1337986
1041690 3931
1045621 384
227909136 1046005
524288 196
524484 5628
228955141 530112
1444007 2243
1446250 5164
229485253 1451414
738499 23712
88 1408
762211 1496
230936667 763707
938224 283
938507 1024
231700374 939531
919998 1666
921664 16
232639905 921680
712704 13
712717 2496
233561585 715213
376832 62
376894 233
234276798 377127
143176 1847
145023 3264
234653925 148287
1075386 1801
1077187 968
234802212 1078155
1539476 13334
2237 809
1552810 3046
235880367 1555856
275478 89
275567 92
237436223 275659
108500 233
108733 2
237711882 108735
227232 3143
230375 232
237820617 230607
414288 19
414307 576
238051224 414883
2648974 161238
311 2140
2810212 2451
238466107 2812663
1813918 723
1814641 212
241278770 1814853
946420 7629
15 92
954049 107
243093623 954156
493959 92
494051 4320
244047779 498371
262144 128
262272 16
244546150 262288
365360 4558
244808438 369918
187 1327041
245178356 1327228
850438 13334
1122 149
863772 1271
246505584 865043
122880 71
122951 92
247370627 123043
1156715 17510
2887 13
1174225 2900
1177125 30
247493670 1177155
1507446 6368
417 20
1513814 437
248670825 1514251
256869 4558
28 33
261427 61
250185076 261488
1197473 12525
576 4
1209998 580
250446564 1210578
425687 391
426078 417
251657142 426495
1179648 1402
1181050 154
252083637 1181204
4411810 1678
15 96
4413488 111
253264841 4413599
3259996 290098
968 3072
3550094 4040
257678440 3554134
145023 2008
147031 36
261232574 147067
2332468 10340
716 361
2342808 1077
261379641 2343885
884514 17
884531 1024
263723526 885555
82677 492993
264609081 575670
266695 4823
271518 15
265184751 271533
266695 3491
270186 1261
265456284 271447
131072 14
131086 1441
265727731 132527
1555856 2008
1557864 118
265860258 1557982
579378 24
579402 118
267418240 579520
183069 2654
185723 497
267997760 186220
931868 1517
933385 246
268183980 933631
409658 222358
269117611 632016
518594 9
518603 361
269749627 518964
3259996 40960
71 497
3300956 568
270268591 3301524
440588 639
441227 5
273570115 441232
600844 13334
149 2887
614178 3036
274011347 617214
290098 1517
291615 605
274628561 292220
123043 1238
124281 606
274920781 124887
262272 729262
275045668 991534
298719 2887
301606 723
276037202 302329
10340 643
10983 809
276339531 11792
142317 481
276351323 142798
2190543 13334
2203877 1408
276494121 2205285
108735 4823
113558 212
278699406 113770
1787928 5628
1793556 2304
278813176 1795860
1156715 7809
30 192
1164524 222
280609036 1164746
2027122 648
2027770 4558
281773782 2032328
327680 1869
329549 8
283806110 329557
422112 9
284135667 422121
1371821 12525
283 16
1384346 299
284557788 1384645
562845 12525
225 69
575370 294
285942433 575664
3159590 17
3159607 639
286518097 3160246
256869 62
256931 1792
289678343 258723
256931 113558
289937066 370489
1311356 6368
391 329
1317724 720
290307555 1318444
763707 17510
1408 32
781217 1440
291625999 782657
3160246 23712
15 128
3183958 143
292408656 3184101
2190543 2887
2193430 5
295592757 2193435
465296 2243
467539 1678
297786192 469217
202631 28
202659 8192
298255409 210851
1899845 23712
1441 2
1923557 1443
298466260 1925000
1347975 6368
824 89
1354343 913
300391260 1355256
960967 3536
964503 606
301746516 965109
1612677 649
1613326 283
302711625 1613609
2350203 258723
1869 8
2608926 1877
304325234 2610803
1451414 45643
605 606
1497057 1211
306936037 1498268
450121 648
450769 520
308434305 451289
183069 71
183140 8
308885594 183148
73728 716
74444 283
309068742 74727
1156715 6145
1162860 1441
309143469 1164301
266695 62
266757 3143
310307770 269900
587473 1261
588734 96
310577670 588830
1164524 62
311166500 1164586
511245 1869
513114 232
312331086 513346
2350203 132527
1666 116
2482730 1782
312844432 2484512
3827683 53710
1801 649
3881393 2450
315328944 3883843
1580 254440
319212787 256020
1895241 1402
1896643 2237
319468807 1898880
1181204 10340
116 481
1191544 597
321367687 1192141
93874 13334
322559828 107208
816292 69
816361 3648
322667036 820009
1384645 4622
1389267 3090
323487045 1392357
1451414 37631
723 768
1489045 1491
324879402 1490536
103608 36
103644 1408
326369938 105052
498 249006
326474990 249504
210851 9984
8 2
220835 10
326724494 220845
7971341 93874
8065215 6368
326945339 8071583
423028 285
423313 512
335016922 423825
600844 12525
174 391
613369 565
335440747 613934
40960 225
41185 92
336054681 41277
302329 3264
305593 283
336095958 305876
2648974 1261
2650235 128
336401834 2650363
976910 249
977159 1408
339052197 978567
27314 225
27539 4
340030764 27543
562845 1678
564523 648
340058307 565171
474106 723815
340623478 1197921
244878 1856
246734 486
341821399 247220
940890 36
940926 1408
342068619 942334
3747063 47
3747110 13334
343010953 3760444
42298 283
42581 417
346771397 42998
884531 329
884860 28
346814395 884888
530112 6145
536257 118
347699283 536375
1164746 8192
15 576
1172938 591
348235658 1173529
1699436 37631
639 96
1737067 735
349409187 1737802
2158938 17510
1572 2289
2176448 3861
351146989 2180309
632016 36
632052 2048
353327298 634100
1768307 4451
1772758 13
353961398 1772771
94261 968
95229 1792
355734169 97021
492993 232
493225 91
355831190 493316
2350203 105052
809 18
2455255 827
356324506 2456082
558 354848
358780588 355406
978567 2887
981454 4256
359135994 985710
724366 14
724380 1441
360121704 725821
2268678 32824
2624 4
2301502 2628
360847525 2304130
13334 96
13430 2048
363151655 15478
648 71
363167133 719
2350203 69942
643 902
2420145 1545
363167852 2421690
392148 33
392181 212
365589542 392393
327680 225
327905 4
365981935 327909
65536 252
65788 427
366309844 66215
125545 1429733
366376059 1555278
377127 233
377360 1441
367931337 378801
1023687 13326
1037013 1024
368310138 1038037
336937 11792
24 118
348729 142
369348175 348871
579402 87686
369697046 667088
1003839 1230
1005069 2140
370364134 1007209
1429733 648
1430381 639
371371343 1431020
132527 427
132954 7629
372802363 140583
66215 706304
372942946 772519
2350203 45398
64 4
2395601 68
373715465 2395669
82451 3509
376111134 85960
95229 639
95868 16
376197094 95884
161238 2654
163892 64
376292978 163956
2008 101890
376456934 103898
738499 3536
742035 764
376560832 742799
384185 1792
385977 481
377303631 386458
336937 232
337169 3509
377690089 340678
108735 1847
110582 714
378030767 111296
1498268 246
1498514 1441
378142063 1499955
2626932 968
2627900 17
379642018 2627917
645796 1122
382269935 646918
1023687 827
1024514 5164
382916853 1029678
1392357 3489
1395846 4224
383946531 1400070
82677 1402
84079 377
385346601 84456
90277 1856
92133 91
385431057 92224
1392357 784065
385523281 2176422
693256 10340
30 96
703596 126
387699703 703722
581481 14
581495 256
388403425 581751
820009 24
820033 2496
388985176 822529
1572 173567
389807705 175139
113770 3861
117631 4256
389982844 121887
1446250 4059
390104731 1450309
3011391 69942
2672 781
3081333 3453
391555040 3084786
530112 2008
532120 122
394639826 532242
968718 3143
971861 809
395172068 972670
4413599 17510
311 4558
4431109 4869
396144738 4435978
403089 968
404057 520
400580716 404577
1225435 71
1225506 64
400985293 1225570
37631 704512
402210863 742143
2864809 37631
3046 4
2902440 3050
402953006 2905490
32824 2870
35694 27
405858496 35721
808884 764
809648 2048
405894217 811696
226 44625
406705913 44851
648869 118
648987 497
406750764 649484
1106270 11792
1118062 8993
407400248 1127055
562845 196
563041 2
408527303 563043
2838649 827
2839476 11792
409090346 2851268
1318444 639
1319083 30
411941614 1319113
446537 347
446884 232
413260727 447116
816361 232
816593 237
413707843 816830
173823 62
173885 643
414524673 174528
32824 1122
33946 723
414699201 34669
2650363 143176
347 824
2793539 1171
414733870 2794710
881828 17408
417528580 899236
1699436 36603
13 384
1736039 397
418427816 1736436
2450 258723
420164252 261173
2864809 22863
639 5
2887672 644
420425425 2888316
2484512 111296
285 768
2595808 1053
423313741 2596861
256020 219
425910602 256239
828268 1443
829711 10269
426166841 839980
1763312 4059
1767371 30
427006821 1767401
414883 486
415369 3489
428774222 418858
781217 206
781423 902
429193080 782325
1576376 2008
1578384 8192
429975405 1586576
282033 45293
431561981 327326
791687 2140
793827 28
431889307 793855
1247749 88
1247837 5628
432683162 1253465
66215 391
66606 486
433936627 67092
415369 249
415618 2304
434003719 417922
3160246 2304
3162550 32
434421641 3162582
1451414 33
1451447 2048
437584223 1453495
648 192
439037718 840
474106 5628
479734 2624
439038558 482358
826276 1261
827537 128
439520916 827665
1355256 10340
89 481
1365596 570
440348581 1366166
266757 902
267659 649
441714747 268308
1041690 2624
1044314 71
441983055 1044385
474106 13
474119 4260
443027440 478379
1092953 237
1093190 3105
443505819 1096295
2350203 30880
1666 4
2381083 1670
444602114 2382753
175380 723
176103 497
446984867 176600
355229 17
355246 128
447161467 355374
865043 1666
866709 4124
447516841 870833
2158938 157
2159095 8993
448387674 2168088
77011 249
77260 968
450555762 78228
446537 233
450633990 446770
1275550 7809
5 16
1283359 21
451080760 1283380
45643 968
46611 16
452364140 46627
322431 20
322451 64
452410767 322515
2650363 132954
902 417
2783317 1319
452733282 2784636
441529 1261
442790 13
455517918 442803
251 27314
455960721 27565
536375 1285
537660 17
455988286 537677
465260 484440
456525963 949700
1527509 1238
1528747 1678
457475663 1530425
180780 122
180902 1261
459006088 182163
1127055 13430
1869 149
1140485 2018
459188251 1142503
490054 40960
460330754 531014
249 142386
460861768 142635
2812663 25648
2838311 14
461004403 2838325
656664 2237
463842728 658901
2123368 8192
116 256
2131560 372
464501629 2131932
885555 1053
886608 3050
466633561 889658
365690 4059
369749 24
467523219 369773
249160 116
249276 30
467892992 249306
1514251 1801
1516052 968
468142298 1517020
4572808 261173
27 32
4833981 59
469659318 4834040
474119 33946
474493358 508065
537677 1238
538915 968
475001423 539883
180902 558
181460 520
475541306 181980
5684693 268308
520 28
5953001 548
475723286 5953549
1851193 17510
18 212
1868703 230
481676835 1868933
2484512 94261
386 88
2578773 474
483545768 2579247
188416 1408
189824 212
486125015 190036
87673 2237
486315051 89910
1225622 486
1226108 417
486404961 1226525
1355256 570
1355826 8993
487631486 1364819
1737802 11792
13 417
1749594 430
488996305 1750024
587473 192
587665 512
490746329 588177
222358 89
222447 92
491334506 222539
1516052 32824
491557045 1548876
446884 2140
493105921 449024
1337986 3105
1341091 512
493554945 1341603
337169 3264
340433 28
494896548 340461
786744 1869
788613 417
495237009 789030
334048 3072
496026039 337120
786744 809
787553 14
496363159 787567
729591 486
730077 5990
497150726 736067
1319113 161230
497886793 1480343
1778528 4260
1782788 1024
499367136 1783812
46627 82451
501150948 129078
498371 5164
503535 48
501280026 503583
798402 294
798696 7629
501783609 806325
772519 639
773158 2
502589934 773160
2123368 1526728
503363094 3650096
763707 1678
765385 285
507013190 765670
730077 1678
731755 2304
507778860 734059
156672 251
156923 2304
508512919 159227
1736436 92224
508672146 1828660
392393 901
393294 4224
510500806 397518
49152 1230
50382 361
510898324 50743
1231068 1517
1232585 18
510949067 1232603
372642 3536
376178 27
512181670 376205
92224 118
92342 256
512557875 92598
889658 4260
2 1
893918 3
512650473 893921
2332468 4823
2337291 4558
513544394 2341849
581751 2285
584036 14
515886243 584050
210851 1285
212136 4451
516470293 216587
174572 256
516686880 174828
623815 5628
48 69
629443 117
516861708 629560
132527 122
132649 246
517491268 132895
337120 223016
517624163 560136
827665 53710
518184299 881375
1749594 212
1749806 192
519065674 1749998
103898 122
520815672 104020
181460 991534
520919692 1172994
479734 206
479940 801
522092686 480741
1925000 17510
764 809
1942510 1573
522573427 1944083
78228 2624
524517510 80852
724380 88
724468 71
524598362 724539
3650096 17510
1517 118
3667606 1635
525322901 3669241
352984 48
528992142 353032
1289471 8192
18 576
1297663 594
529345174 1298257
600844 3509
604353 283
530643431 604636
305876 246
306122 192
531248067 306314
66215 101890
531554381 168105
1093190 2048
1095238 8
531722486 1095246
1283380 107
1283487 3489
532817732 1286976
247220 154
247374 24
534104708 247398
1948761 10983
285 71
1959744 356
534352106 1960100
132954 6368
96 8
139322 104
536312206 139426
1181204 768
1181972 2
536451632 1181974
1055593 16384
283 33
1071977 316
537633606 1072293
249504 4558
254062 5
538705899 254067
12525 329
12854 64
538959966 12918
340678 1384645
538972884 1725323
1347975 791687
540698207 2139662
1231068 417
1231485 212
542837869 1231697
9939111 489415
256 4
10428526 260
544069566 10428786
723 4256
554498352 4979
579520 45293
554503331 624813
447116 1792
448908 96
555128144 449004
2484512 66606
2551118 4040
555577148 2555158
1226108 283
1226391 4
558132306 1226395
2042303 13430
1024 32
2055733 1056
559358701 2056789
1344551 430
1344981 2496
561415490 1347477
4072844 57344
192 2048
4130188 2240
562762967 4132428
194007 1443
195450 4124
566895395 199574
648987 101890
567094969 750877
142944 354992
567845846 497936
765670 824
766494 417
568343782 766911
1162860 968
1163828 329
569110693 1164157
669433 164
669597 3518
570274850 673115
3650096 5164
3655260 2496
570947965 3657756
154303 649
154952 968
574605721 155920
168105 1869
169974 558
574761641 170532
954156 1984
956140 3489
574932173 959629
1967770 17510
427 1261
1985280 1688
575891802 1986968
45643 44608
577878770 90251
1555278 386
1555664 118
577969021 1555782
80852 57344
579524803 138196
2395669 2289
579662999 2397958
1210578 8993
512 4
1219571 516
582060957 1220087
1220087 3143
1223230 232
583281044 1223462
415618 123043
584504506 538661
37631 92
37723 768
585043167 38491
968718 809
969527 1261
585081658 970788
1814853 12918
20 2
1827771 22
586052446 1827793
793855 1077
794932 710
587880239 795642
1400070 356
1400426 5628
588675881 1406054
17510 2008
19518 27
590081935 19545
440588 486
590101480 441074
1319113 122
1319235 3648
590542554 1322883
4132428 161238
1441 18
4293666 1459
591865437 4295125
1406054 126
1406180 10340
596160562 1416520
624813 256020
597577082 880833
398893 1572
400465 64
598457915 400529
1602408 976910
598858444 2579318
3301524 206
3301730 69141
601437762 3370871
27539 844489
604808633 872028
441529 391
441920 809
605680661 442729
693256 3072
696328 4
606123390 696332
811696 154
811850 15
606819722 811865
337120 1075000
607631587 1412120
27962 2140
30102 5
609043707 30107
716382 283
716665 4096
609073814 720761
1737802 720
1738522 386
609794575 1738908
827 1778528
611533483 1779355
465296 5
465301 256
613312838 465557
1795860 6368
809 384
1802228 1193
613778395 1803421
386458 1261
387719 20
615581816 387739
155920 254062
615969555 409982
170532 237
170769 233
616379537 171002
383205 16384
616550539 399589
616950128 2018
383205 18
383223 256
616952146 383479
329557 5164
617335625 334721
175139 24
175163 18
617670346 175181
1181974 3648
1185622 4320
617845527 1189942
1868933 4059
1872992 17
619035469 1873009
298719 591
299310 584
620908478 299894
299310 91
621208372 299401
2864809 1440
2866249 10983
621507773 2877232
235882 7809
243691 417
624385005 244108
549146 10340
624629113 559486
148287 1517
149804 122
625188599 149926
1431020 580
625338525 1431600
69942 122
70064 801
626770125 70865
340678 5164
345842 481
626840990 346323
50743 2510
53253 246
627187313 53499
902 8993
627240812 9895
423028 13
423041 92
627250707 423133
2176422 45630
627673840 2222052
426495 36
426531 4333
629895892 430864
725821 377
726198 968
630326756 727166
1586576 8993
37 809
1595569 846
631053922 1596415
618 16384
632650337 17002
1048576 710
1049286 384
632667339 1049670
325689 498
326187 714
633717009 326901
565171 5990
571161 4096
634043910 575257
816593 7629
634619167 824222
327909 801
328710 576
635443389 329286
328710 2870
635772675 331580
673115 91
673206 3648
636104255 676854
840 1041690
636781109 1042530
424384 716
425100 427
637823639 425527
2301502 632016
638249166 2933518
782657 94260
641182684 876917
1446250 89
1446339 384
642059601 1446723
1024514 75415
643506324 1099929
1596415 2628
1599043 149
644606253 1599192
736067 1122
737189 417
646205445 737606
364037 648
364685 225
646943051 364910
103898 386
647307961 104284
78803 48
78851 768
647412245 79619
921680 8993
648 2
930673 650
647491864 931323
620582 5990
648423187 626572
549146 4059
553205 648
649049759 553853
53710 249
53959 1408
649603612 55367
104284 605
104889 96
649658979 104985
171002 629443
649763964 800445
193105 88
193193 283
650564409 193476
290098 427
290525 15
650757885 290540
117631 9
117640 4124
651048425 121764
212136 3046
215182 781
651170189 215963
169974 1635
651386152 171609
57344 576
57920 417
651557761 58337
1099929 77011
651616098 1176940
1242835 2008
1244843 91
652793038 1244934
524484 4059
528543 32
654037972 528575
383479 1319
654566547 384798
30107 97021
654951345 127128
1795860 206
1796066 1572
655078473 1797638
55367 24
55391 128
656876111 55519
465557 128
465685 4
656931630 465689
938224 118
938342 16
657397319 938358
772519 606
773125 30
658335677 773155
921680 4320
926000 2
659108832 926002
1366166 147031
660034834 1513197
2244332 1261
2245593 497
661548031 2246090
1832213 6368
20 512
1838581 532
663794121 1839113
404577 4059
408636 116
665633234 408752
683703 584
684287 497
666041986 684784
1601765 520
1602285 96
666726770 1602381
1416520 260
668329151 1416780
215182 1545
669745931 216727
19 579229
669962658 579248
111 254440
670541906 254551
877652 1666
879318 13
670796457 879331
634100 329
634429 225
671675788 634654
1238391 824
1239215 384
672310442 1239599
824222 18
824240 606
673550041 824846
2888316 12918
256 32
2901234 288
674374887 2901522
1596415 189824
677276409 1786239
1925000 20
1925020 1024
679062648 1926044
400529 174
400703 1024
680988692 401727
425687 108500
681390419 534187
202659 1285
203944 2304
681924606 206248
3669241 17510
89 64
3686751 153
682130854 3686904
909456 117
909573 7809
685817758 917382
364976 173475
686735140 538451
1015884 285
1016169 4224
687273591 1020393
55391 147067
688293984 202458
203944 824
204768 417
688496442 205185
412541 154
412695 69
688701627 412764
538915 2243
689114391 541158
795642 356
689655549 795998
565171 591
565762 1040
690451547 566802
186220 33
186253 512
691018349 186765
1444007 714
1444721 237
691205114 1444958
684784 2887
687671 3536
692650072 691207
684784 143
684927 1440
693341279 686367
10269 649
694027646 10918
484440 716
485156 1024
694038564 486180
503583 1856
505439 8
694524744 505447
695030191 1573
877652 237
877889 710
695031764 878599
2650363 10983
710 69
2661346 779
695910363 2662125
97021 648
97669 48
698572488 97717
590991 53710
698670205 644701
376178 266757
699314906 642935
261173 232
699957841 261405
584050 1285
585335 15
700219246 585350
1286976 94261
700804596 1381237
313854 2289
316143 69
702185833 316212
1772771 4869
1777640 605
702502045 1778245
138196 486
138682 512
704280290 139194
800445 1285
801730 3264
704419484 804994
173567 212
173779 5
705224478 173784
15478 18
15496 723
705398262 16219
938507 377
938884 311
705414481 939195
3827683 42298
15 256
3869981 271
706353676 3870252
123043 96
123139 1024
710223928 124163
793827 827
710348091 794654
829711 4333
834044 606
711142745 834650
1156715 1847
1158562 3264
711977395 1161826
412764 486
413250 17
713139221 413267
3370871 10269
3381140 7629
713552488 3388769
3388769 1408
3390177 4320
716941257 3394497
811865 575664
720335754 1387529
139194 14
139208 69
721723283 139277
47943 716352
721862560 764295
291615 1612677
722626855 1904292
399589 716
724531147 400305
604636 7809
118 16
612445 134
724931452 612579
584036 256
725544031 584292
284966 427
285393 710
726128323 286103
1232603 558
1233161 1024
726414426 1234185
566802 384
567186 96
727648611 567282
539883 3036
728215893 542919
27314 71
27385 96
728758812 27481
520024 256
520280 64
728786293 520344
548382 2140
729306637 550522
34669 386458
729857159 421127
2650363 7629
33 5
2657992 38
730278286 2658030
3669241 251
3669492 5164
732936316 3674656
55367 440588
736610972 495955
474106 49152
737106927 523258
448908 254440
737630185 703348
579689 118
579807 768
738333533 580575
946420 968
947388 1408
738914108 948796
1580 86437
739862904 88017
684287 750877
739950921 1435164
991534 386
991920 4320
741386085 996240
541158 1024514
742382325 1565672
171609 1261
172870 17
743947997 172887
15496 92
15588 212
744120884 15800
703348 327905
744136684 1031253
933631 714
934345 3509
745167937 937854
2395601 269900
746105791 2665501
1127055 17
1127072 8192
748771292 1135264
1127072 2887
1129959 4260
749906556 1134219
85960 225
86185 32
751040775 86217
2382753 2289
2385042 7809
751126992 2392851
442803 377
443180 3105
753519843 446285
1697758 492632
753966128 2190390
1225570 4124
756156518 1229694
113558 262272
757386212 375830
1289471 7809
192 8
1297280 200
757762042 1297480
195450 1441
196891 92
759059522 196983
5684693 172870
5857563 781
759256505 5858344
513114 1078155
765114849 1591269
33946 246
34192 386
766706118 34578
931868 601
932469 30
766740696 932499
306314 143
306457 5536
767673195 311993
926002 36
926038 3509
767985188 929547
587665 122
587787 246
768914735 588033
667088 427
667515 1024
769502768 668539
1827771 85960
770171307 1913731
649484 1238
650722 1678
772085038 652400
947388 2304
772737438 949692
1253465 17002
1270467 1211
773687130 1271678
206 449721
774958808 449927
181460 47691
775408735 229151
4572808 205185
30 512
4777993 542
775637886 4778535
334434 3264
780416421 337698
34669 981
780754119 35650
543044 259
543303 1801
780789769 545104
404577 558
405135 1666
781334873 406801
302329 14
302343 2624
781741674 304967
1530425 497
1530922 2048
782046641 1532970
329557 329
329886 648
783579611 330534
1560805 606
1561411 4224
783910145 1565635
881828 347
882175 2289
785475780 884464
624813 1440797
786360244 2065610
886608 1792
888400 481
788425854 888881
460638 3509
464147 1024
789314735 465171
227232 902
228134 601
789779906 228735
649484 4975
790008641 654459
436304 427
790663100 436731
1639813 7629
1647442 16
791099831 1647458
356 291615
792747289 291971
3686904 34669
157 605
3721573 762
793039260 3722335
44625 13
44638 16
796761595 44654
33946 166061
796806249 200007
827665 377
797006256 828042
634654 436304
797834298 1070958
932499 919998
798905256 1852497
235882 3489
239371 3648
800757753 243019
634654 714
635368 723
801000772 636091
188416 233
188649 384
801636863 189033
845191 3931
849122 30
801825896 849152
132954 1285
134239 196
802675048 134435
465685 194007
802809483 659692
2421690 10269
2431959 3509
803469175 2435468
620582 154
620736 233
805904643 620969
536375 283
536658 118
806525612 536776
824222 376178
807062388 1200400
258723 285
259008 5
808262788 259013
1055593 10983
1066576 576
808521801 1067152
2933518 58337
739 1869
2991855 2608
809588953 2994463
1275550 15
1275565 6368
812583416 1281933
1852497 576
1853073 768
813865349 1853841
417922 391
418313 18
815719190 418331
322431 484350
816137521 806781
1003819 3090
816944302 1006909
1387529 233
1387762 384
817951211 1388146
78851 581481
819339357 660332
528575 74727
819999689 603302
19545 649
20194 2289
820602991 22483
206248 1230
207478 801
820625474 208279
1049670 4975
820833753 1054645
50743 125545
821888398 176288
1853073 386
1853459 92
822064686 1853551
384798 591
385389 584
823918237 385973
996240 237
996477 3509
824304210 999986
113770 37
113807 1678
825304196 115485
316143 399589
825419681 715732
1118062 497
1118559 417
826135413 1118976
108733 5164
827254389 113897
546535 381152
827368286 927687
1185622 3536
1189158 764
828295973 1189922
505447 2289
829485895 507736
3760444 377
3760821 3105
829993631 3763926
1118976 601
1119577 3072
833757557 1122649
3394497 20194
723 639
3414691 1362
834880206 3416053
508065 174
508239 377
838296259 508616
736067 262144
838804875 998211
588830 575664
839803086 1164494
1253465 716
1254181 2008
840967580 1256189
216587 131072
842223769 347659
1926044 10340
28 512
1936384 540
842571428 1936924
593228 4869
598097 719
844508352 598816
1387529 89787
845107168 1477316
174572 225
174797 4
846584484 174801
6368 968
7336 5
846759285 7341
324316 5
324321 256
846766626 324577
230 492632
847091203 492862
1127072 96
1127168 128
847584065 1127296
654691 88
654779 116
848711361 654895
254551 47943
849366256 302494
1135264 329
1135593 2496
849668750 1138089
1501351 486
1501837 71
850806839 1501908
306457 1231697
852308747 1538154
1626652 648
853846901 1627300
306457 5280
855474201 311737
387739 69
387808 3072
855785938 390880
37723 742799
856176818 780522
1913731 1285
1915016 246
856957340 1915262
271518 456966
858872602 728484
1164746 5628
859601086 1170374
306457 77
306534 1261
860771460 307795
149804 230607
861079255 380411
346323 116
346439 417
861459666 346856
2421690 1285
2422975 3264
861806522 2426239
2905490 568
2906058 3392
864232761 2909450
97717 1678
99395 520
867142211 99915
191168 714
191882 824
867242126 192706
271533 606
272139 5
867434832 272144
2596861 1688
2598549 8993
867706976 2607542
720 185723
870314518 186443
2397958 827
2398785 4333
870500961 2403118
262288 648
262936 2048
872904079 264984
1135593 508616
873169063 1644209
908226 706304
874813272 1614530
322515 25600
876427802 348115
485156 1286976
876775917 1772132
447116 285
447401 128
878548049 447529
1947500 141056
878995578 2088556
2839476 2140
2841616 8993
881084134 2850609
409982 14
409996 1408
883934743 411404
405135 322451
884346147 727586
107732 12525
885073733 120257
142635 24
885193990 142659
1046005 116
1046121 4
885336649 1046125
22688 16
886382774 22704
436731 48
436779 30
886405478 436809
50743 69
50812 16
886842287 50828
442790 593228
886893115 1036018
782657 302329
887929133 1084986
704540 414288
889014119 1118828
534187 225
534412 18
890132947 534430
615581816 276494121
1803421 3489
1806910 5280
892075937 1812190
357669 2140
359809 27
893888127 359836
400305 684927
894247963 1085232
35721 103898
895333195 139619
149804 2221
895472814 152025
113807 484440
895624839 598247
202026 225
202251 4
896223086 202255
20194 1678
21872 285
896425341 22157
25648 246
25894 118
896447498 26012
324321 844558
896473510 1168879
108735 94260
897642389 202995
2909450 154
2909604 22688
897845384 2932292
4869 276287
900777676 281156
299 143176
901058832 143475
405135 1572
406707 64
901202307 406771
328710 683668
901609078 1012378
10 7809
902621456 7819
2484512 55391
2539903 18
902629275 2539921
423133 88
423221 2
905169196 423223
105052 1122
106174 417
905592419 106591
1020393 13
1020406 2048
905699010 1022454
735 579520
906721464 580255
931868 19
907301719 931887
1793556 1246
1794802 13
908233606 1794815
636091 33
636124 20
910028421 636144
482358 1557864
910664565 2040222
4132428 20194
283 576
4152622 859
912704787 4153481
246734 481
916858268 247215
1779355 2496
1781851 32
917105483 1781883
648 484440
918887366 485088
579807 355406
919372454 935213
212136 809
212945 1261
920307667 214206
436731 355374
920521873 792105
1049670 436308
921313978 1485978
876917 1868933
922799956 2745850
1042530 66606
925545806 1109136
1986968 859
1987827 8192
926654942 1996019
334721 490856
928650961 825577
393294 3509
396803 30
929476538 396833
414307 248622
929873371 662929
378801 332238
930536300 711039
654459 646918
931247339 1301377
684927 5280
932548716 690207
1853841 7336
1861177 1402
933238923 1862579
299310 1053
935101502 300363
981454 1285
982739 801
935401865 983540
327905 536375
936385405 864280
1020393 104284
937249685 1124677
750877 3143
754020 88
938374362 754108
1322883 18
1322901 5
939128470 1322906
682767 497
940451376 683264
37 716382
941134640 716419
934345 122
934467 96
941851059 934563
2812663 532
2813195 7629
942785622 2820824
1967770 2205
1969975 2157
945606446 1972132
254067 20
254087 32
947578578 254119
636144 155
947832697 636299
1877092 225
1877317 116
948468996 1877433
624813 89787
950346429 714600
2032328 2672
2035000 27
951061029 2035027
2484512 131
2484643 3072
953096056 2487715
881828 122
881950 48
955583771 881998
2114949 28
2114977 2048
956465769 2117025
1119577 329
1119906 2496
958582794 1122402
801730 981
802711 88
959705196 802799
2027770 1261
2029031 8
960507995 2029039
926000 2450
962537034 928450
1055593 2140
1057733 648
963465484 1058381
174528 2008
964523865 176536
302494 249
302743 1024
964700401 303767
656664 377
657041 1792
965004168 658833
1699436 23712
1285 481
1723148 1766
965663001 1724914
58337 1230
59567 2008
967387915 61575
3156487 643
3157130 232
967449490 3157362
498371 2285
500656 5
970606852 500661
396803 550522
971107513 947325
557099 764
557863 606
972054838 558469
3722335 15588
3737923 1040
972613307 3738963
405135 384
405519 212
976352270 405731
706422 4096
710518 4
976758001 710522
372642 15
372657 1792
977468523 374449
175380 32
977842972 175412
105052 791687
978018384 896739
2665501 42581
116 212
2708082 328
978915123 2708410
42998 576
43574 5
981623533 43579
816830 2285
981667112 819115
465689 219
465908 1572
982486227 467480
893921 1688
895609 386
982953707 895995
1225506 716
983849702 1226222
188649 132649
985075924 321298
467539 601
468140 30
985397222 468170
256869 1666
985865392 258535
1416780 62
1416842 2048
986123927 1418890
101890 1626341
987542817 1728231
6331528 256020
6587548 143176
989271048 6730724
117 78803
996001772 78920
1054645 457357
996080692 1512002
