1074
1 1
2 2
4 4
8 8
16 16
32 32
64 64
128 128
256 256
512 512
1024 1024
2048 2048
4096 4096
8192 8192
16384 16384
32768 32768
65536 65536
131072 131072
262144 262144
524288 524288
1048576 1048576
2097152 2097152
4194304 4194304
8388608 8388608
16777216 16777216
33554432 33554432
67108864 67108864
134217728 134217728
268435456 268435456
268435456 134217728
33554432 16777216
8388608 1048576
524288 131072
16384 8192
4096 2048
256 128
8 2
402653184 50331648
9437184 655360
24576 6144
384 10
452984832 10092544
30720 394
463077376 31114
463108490 1
536870912 463108491
10 4
999979403 14
999979417 16
4 2
999979433 6
14 16
999979439 30
6 32
999979469 38
999979507 4
999979511 32
999979543 10
999979507 64
999979469 128
999979571 38
999979609 10
999979619 2
999979621 16
999979511 128
999979619 38
999979571 128
14 14
999979699 28
10 16
999979727 26
999979417 394
999979433 384
999979811 8
999979469 384
999979853 6
999979853 26
999979859 30
999979889 30
999979439 512
999979919 38
999979951 10
38 8
46 4
999979961 50
999979637 384
999980021 8
999980011 46
999980021 50
999980057 30
32 4
999980087 36
16 2
999980123 18
999980123 38
32 16
999980161 48
999979819 394
999980213 18
999980231 50
999980281 16
999980071 256
999979817 512
999980329 10
999980327 30
999980327 36
999980363 48
999980161 256
999980411 8
999979961 512
999980473 6
999980473 16
999980363 128
999980473 46
999980021 512
999980411 128
999980533 30
999980563 10
999980209 394
999980489 128
999980573 50
999980603 26
999979609 1024
999980603 48
999980629 48
999980651 38
999980573 128
999980327 384
999980357 384
999980741 26
999979753 1024
999980767 30
999980297 512
999980767 64
999980623 256
999980879 18
999980897 2
999980411 512
999980617 394
999981011 38
999980677 384
999981061 46
999981107 26
999980651 512
999980923 256
999981179 8
999981133 64
999981163 46
999980711 512
999981223 48
999981271 28
999981299 14
999981299 30
999981299 32
64 2
999981331 66
999981397 6
999981397 16
999981403 46
16 8
999981449 24
999979439 2048
999981107 384
999979469 2048
999981011 512
999981133 394
999981163 384
999981487 64
999981223 384
999981547 66
999981607 30
999981403 256
999980689 1024
999981713 26
999981487 256
999981397 384
999980767 1024
999981403 394
999981781 66
999981607 256
999981847 30
999979859 2048
10 32
999981907 42
999981907 46
999981949 30
999981949 64
16 4
999982013 20
999982033 24
999980021 2048
999981743 384
999981739 394
999980141 2048
999982189 24
999982213 16
999981847 384
999982189 64
999981877 394
999982231 42
999982033 256
999981797 512
50 32
999982309 82
999982391 2
999980363 2048
999982391 48
999982391 66
999982439 32
999982411 82
999982457 42
999982471 42
999982391 128
999980489 2048
999981523 1024
999982499 50
999982513 48
999982189 394
999981613 1024
999982127 512
999982637 26
999982273 394
999982663 28
999982309 384
999982667 66
999982229 512
999982733 18
999982733 38
46 30
999982771 76
999982847 2
999982733 128
999982457 512
999981979 1024
999983003 6
999983003 38
999982667 384
8 4
999983051 12
999982057 1024
999983063 48
999983009 128
999982691 512
999983081 128
999983137 82
999983203 48
999983251 36
999983251 42
999982273 1024
999983287 24
999983287 42
999983293 46
999982847 512
999983339 42
999983359 48
999983381 48
999983407 30
999983203 256
999983407 66
999983429 48
999981473 2048
999983137 394
28 32
999983531 60
999979507 4096
999983591 38
999983591 60
999983591 66
999983287 384
999983651 32
999979597 4096
999983329 394
999983723 60
999983783 36
999983437 384
999981791 2048
999983819 50
999983381 512
999983839 82
999983893 30
999983819 128
999983477 512
999982969 1024
999981953 2048
999983989 42
999983531 512
999983993 66
999983683 394
999984031 60
999984059 42
999980011 4096
999983657 512
999984169 30
999983209 1024
999984233 6
999984199 42
999984199 48
999980161 4096
999982229 2048
999984199 82
999984233 50
999984239 50
999984239 128
999984289 82
999983989 384
999984367 12
999984367 30
999984397 60
999984397 66
999984371 128
999984457 64
999984283 256
999982493 2048
999984059 512
999984101 512
999984233 384
999984107 512
999984289 384
999984613 66
999984289 394
999984673 18
999984673 24
999983683 1024
999984673 36
999984673 48
999984373 394
999984697 82
999984721 66
999984767 42
999984571 256
999984463 384
999984371 512
999984883 16
999984883 18
999984779 128
999984847 64
999984883 60
999983947 1024
999984617 384
999984943 66
999984971 60
999985009 60
999985031 66
999985097 26
999985097 30
999985123 18
999981061 4096
999985127 50
999985123 64
999984827 384
999985177 66
999985187 60
999985211 38
999985243 66
999984289 1024
999985309 42
999985123 256
999983339 2048
999984367 1024
999984379 1024
999984911 512
999985387 64
999985423 48
999985451 50
999985123 394
999985471 66
999985157 384
999985501 48
999985541 48
999985537 64
999985351 256
999981523 4096
999983591 2048
999985601 60
999985601 66
999985157 512
999985607 66
999981637 4096
999979597 6144
64 32
999985741 96
999985837 76
999985913 36
999985949 8
999984943 1024
999983921 2048
999983993 2048
999985667 384
999986041 18
999986041 28
999986041 48
999979957 6144
999984059 2048
999986041 82
999982033 4096
999986041 96
999986123 36
999986101 66
999986089 82
999980029 6144
999986101 76
999985667 512
999986123 96
999980087 6144
999986179 82
999986167 96
999986219 60
999985913 384
999986261 42
999986261 50
999985309 1024
999986303 96
999985387 1024
999986399 14
999984371 2048
999980297 6144
999980357 6144
999986413 96
999986129 384
999982471 4096
999986567 32
999982513 4096
999986567 60
999986609 30
999986129 512
999986609 42
999986297 384
999980563 6144
999986681 38
999984683 2048
999986399 384
999982693 4096
999986789 50
999986783 66
999984809 2048
999985837 1024
999986839 24
999986789 128
999980777 6144
999986861 66
999982861 4096
999984911 2048
999980897 6144
999987041 20
999987061 36
999986707 394
999986719 384
999983041 4096
999987061 82
999986639 512
999987151 60
999987151 76
38 16
999987227 54
999983203 4096
999987299 1
999986789 512
999987300 2
999986279 1024
999987300 4
999983209 4096
999987300 6
999981163 6144
999981179 6144
999987300 24
999987299 26
999987299 38
999987299 50
999987305 66
999987281 96
999983293 4096
999987281 128
999987325 96
999985379 2048
999987300 128
999986917 512
999986921 512
999987389 60
999987211 256
999987103 384
999987103 394
999983407 4096
48 50
999987503 98
999987601 6
999979439 8192
999987303 394
999986719 1024
999987377 384
999979571 8192
999979637 8192
999987829 18
999987487 384
999986857 1024
999987847 66
999987847 82
999987847 96
999986959 1024
999981863 6144
999987983 30
999979859 8192
999987983 96
999986069 2048
999988051 82
999988117 46
999982057 6144
999988163 54
999986171 2048
999988201 42
999988133 128
999982133 6144
999980087 8192
999987929 384
999988261 60
999984247 4096
999982213 6144
6 64
999988357 70
999986399 2048
999982309 6144
999986411 2048
999988427 50
999988243 256
999988447 66
999980327 8192
999988427 96
999988459 82
999988447 96
999988163 384
999988523 48
999988513 76
999980417 8192
999988609 70
64 4
999988679 68
999988747 10
999988747 16
999988747 66
999988747 76
999986783 2048
999988477 384
999982733 6144
999984787 4096
999988831 70
999980711 8192
999988823 96
999988883 66
999988901 60
999988919 68
999988919 98
999988987 46
999988813 256
999988571 512
999988831 256
999988117 1024
999989083 60
999987101 2048
999989033 128
999987143 2048
999989141 60
999981011 8192
999985123 4096
999989149 82
999989161 96
999988243 1024
999989257 36
999988903 394
999981107 8192
999989257 64
999989231 96
999989231 128
999981179 8192
999989017 394
999989359 70
999985351 4096
999988949 512
999989411 98
999985423 4096
999985471 4096
999989519 128
999989297 384
999989647 42
999989647 54
999989461 256
999989689 48
999989681 96
999989701 96
999983657 6144
999989797 60
999989797 66
999989801 98
999989701 256
999989899 82
999988987 1024
999989981 48
999990011 60
999983947 6144
999990029 68
999989981 128
999990097 46
999989203 1024
999990143 96
999990227 32
999989777 512
999989899 394
999990259 42
999982127 8192
999990091 256
999990097 256
999986263 4096
999990319 54
999990353 66
999982229 8192
999990419 42
999990419 60
999984373 6144
38 14
999990517 52
999988523 2048
999990517 64
999982391 8192
999990517 82
999982439 8192
999990581 128
999984619 6144
999990763 24
999990763 46
999990763 70
999984697 6144
999984707 6144
999984709 6144
999990787 70
999990787 82
999990809 68
999984767 6144
999990853 60
999984779 6144
999984787 6144
999990851 96
999990461 512
999990583 394
999984847 6144
999988949 2048
999988961 2048
999990973 64
999990991 70
999990997 66
999990991 76
999989033 2048
999991063 60
999990109 1024
999991081 60
999991081 70
999991067 96
999991141 66
999990973 256
999991133 98
999985097 6144
999991207 70
999990259 1024
999985157 6144
999991229 98
999985187 6144
999991241 98
999991283 68
999990973 394
999991277 96
999990911 512
999991373 68
999985309 6144
999991207 256
999991373 96
999991123 384
999985403 6144
999991507 64
999991207 384
999991591 36
999985517 6144
999983477 8192
54 96
999991669 150
999991819 10
999983651 8192
999991453 394
999991819 54
999991843 76
999991873 48
999991919 54
999991873 150
999989981 2048
999987943 4096
999985913 6144
999991063 1024
999991843 256
999985957 6144
999992039 68
999985967 6144
999991873 256
999992099 32
999992057 96
999991921 256
999992111 98
999992153 68
999992209 54
999986123 6144
999986137 6144
999984101 8192
999988243 4096
999992281 66
999991847 512
999992131 256
999986263 6144
999986279 6144
999986303 6144
999990461 2048
999990479 2048
999992153 384
999988477 4096
999992509 70
999988543 4096
999992129 512
999990599 2048
999992293 384
999992339 384
999984539 8192
999992639 98
999986609 6144
999992677 82
999986639 6144
999992783 54
999991843 1024
999992837 54
999984707 8192
999986783 6144
999992927 50
999988903 4096
999992647 384
999992647 394
999986917 6144
999992999 68
999988987 4096
999993067 52
999992759 384
999989083 4096
999992837 384
999993179 50
999985097 8192
999992927 384
26 30
999993311 56
999993311 66
999985247 8192
999993067 394
999987325 6144
999987337 6144
999985379 8192
999993571 10
999985391 8192
999993229 394
999993571 66
999987497 6144
999993571 82
999992647 1024
999993637 60
999993637 70
999993623 96
999993571 150
999985541 8192
999993641 98
999993697 66
999993641 150
999985619 8192
999993719 98
999993671 150
999993311 512
999989737 4096
999993791 60
999987743 6144
999993817 82
999993833 68
999993763 150
999993851 96
999993821 150
999993947 56
999993623 384
999993697 384
999993067 1024
999993947 150
999993739 384
999994081 48
999988013 6144
999985967 8192
999994091 98
999992153 2048
999994091 150
999994201 66
999994123 150
999988133 6144
999993913 384
999994159 150
999993289 1024
999986129 8192
999994081 256
999994267 76
999994297 60
999994123 256
999994313 68
999990301 4096
999986231 8192
999994277 150
999994337 96
999994343 96
999988343 6144
999994123 384
999994381 150
999994439 98
999994507 42
999986411 8192
999994097 512
999990517 4096
999994603 46
999994267 384
999988547 6144
999986501 8192
999994309 394
999994357 384
999994649 98
999988609 6144
999993739 1024
999992723 2048
999994397 384
999994747 66
999988679 6144
999994741 96
999986651 8192
999994763 98
999994771 96
999990787 4096
999994753 150
999994763 150
999994439 512
999990877 4096
999994883 96
999994603 384
999988949 6144
999994979 128
999995093 18
999994747 394
999995111 128
999995107 150
999994867 394
999995257 16
999994267 1024
999995273 68
999995341 36
999995341 52
999995377 36
999987227 8192
999995377 54
999994507 1024
999994537 1024
999995531 36
999995531 68
999995561 50
999987429 8192
999994603 1024
999993581 2048
999995257 394
999989519 6144
999995611 66
999995531 150
999993653 2048
999995663 50
999995677 64
999995599 150
999995291 512
999995681 128
999995419 394
999995749 70
46 38
999995819 84
999995813 98
999989777 6144
999995809 150
999979609 16384
999989863 6144
999995959 70
999995903 128
999996007 30
999989899 6144
999995677 394
999987881 8192
999995993 98
999996029 84
999995107 1024
999996073 76
999996031 150
999988007 8192
999996073 150
999992131 4096
999996149 98
999996131 128
999996199 70
999996247 54
999996223 84
999996227 84
999992221 4096
999996073 256
999979957 16384
999992263 4096
999990239 6144
999996311 96
999988277 8192
999996469 24
999996029 512
999996541 46
999996227 384
999996131 512
999996611 38
999996587 84
999996611 66
999996643 46
999996611 96
999996611 98
999990583 6144
999996493 256
999996709 70
999992731 4096
10 64
999996827 74
999996901 12
999996407 512
999995959 1024
999996913 76
999990877 6144
999996983 66
999990923 6144
999996983 98
999996587 512
999996749 384
999980797 16384
999997181 56
999997181 60
999997099 150
999991123 6144
999989087 8192
999997237 64
999995261 2048
999996307 1024
999997301 56
999997357 46
999997403 54
999989297 8192
999997489 54
999997049 512
999991423 6144
999981187 16384
999993481 4096
999997543 46
999997543 84
999989447 8192
999997249 394
999996649 1024
999993583 4096
999981313 16384
999997567 150
999997673 96
999991627 6144
999981403 16384
999993697 4096
999997769 42
999981487 16384
999997793 98
999997871 96
999997967 36
999991873 6144
999997639 384
999998003 56
999997697 384
999998023 84
999996071 2048
999998081 56
999998059 82
999998059 84
999997891 256
999989981 8192
999992039 6144
999990011 8192
999992099 6144
999981877 16384
999998119 150
999998243 66
999998243 96
999994273 4096
999998339 84
999998203 256
999998107 394
999998423 84
999998459 50
999998459 74
999998143 394
999998507 56
999998459 150
999998533 84
999998537 84
999994531 4096
999998563 76
999998609 32
999990461 8192
999997639 1024
999998533 150
999998537 150
999998621 68
999982309 16384
999982393 16384
999994693 4096
999998777 24
999994747 4096
999998789 74
999998801 68
999982519 16384
999998533 384
999982537 16384
999998801 128
999994861 4096
999998863 96
999998459 512
999992837 6144
999990809 8192
999998921 96
999998959 70
999990851 8192
999999017 42
999998683 384
999990911 8192
999998957 150
999999017 96
999998107 1024
999999067 70
999998639 512
999999067 96
999997133 2048
999999107 84
999999043 150
999998173 1024
999999163 60
999991037 8192
999993179 6144
999999323 14
999982969 16384
999999323 68
999991241 8192
999999103 384
999999107 384
999999353 150
999995431 4096
999999029 512
999983203 16384
999999503 96
999999223 384
999993469 6144
999999599 68
999983293 16384
999999667 66
999991547 8192
999999667 84
999999607 150
999999677 84
999993653 6144
999993739 6144
999998869 1024
999999883 46
999999883 54
999995903 4096
