2551
1 1
2 2
4 4
8 8
16 16
32 32
64 64
128 128
256 256
512 512
1024 1024
2048 2048
4096 4096
8192 8192
16384 16384
32768 32768
65536 65536
131072 131072
262144 262144
524288 524288
1048576 1048576
2097152 2097152
4194304 4194304
8388608 8388608
16777216 16777216
33554432 33554432
1024 512
32 8
4 1
1536 40
1576 5
65536 1581
32768 8192
2048 1581
64 40
8 2
40960 3629
104 10
44589 114
44703 1
67117 44704
67117 16384
8192 4096
2048 512
256 128
16 5
83501 12288
2560 384
21 2
95789 2944
98733 23
262144 98756
16384 2944
16 4
19328 20
360900 19348
44704 12288
1024 128
64 10
56992 1152
74 5
58144 79
524288 58223
19348 2944
384 104
22292 488
582511 22780
8192 512
384 1
8704 385
605291 9089
262144 58223
4096 20
320367 4116
324483 2944
614380 327427
44704 4116
1581 114
48820 1695
50515 8
941807 50523
44704 1581
74 16
46285 90
992330 46375
1695 79
8 1
1774 9
1038705 1783
32768 3629
74 384
36397 458
1048576 36855
98756 2560
256 4
101316 260
1085431 101576
262144 16384
2048 260
278528 2308
280836 32
1187007 280868
131072 65536
1024 256
196608 1280
1467875 197888
111821 16384
2560 9
128205 2569
130774 256
1665763 131030
280868 1024
281892 16
1796793 281908
281908 22780
4116 3629
260 114
2 1
304688 7745
374 3
312433 377
2097152 312810
67117 4116
2569 128
79 5
71233 2697
84 2
73930 86
2409962 74016
197888 22780
2697 79
220668 2776
223444 114
2483978 223558
131072 12288
3629 5
143360 3634
146994 256
2707536 147250
16384 2569
32 16
18953 48
2854786 19001
50523 90
50613 256
2873787 50869
2776 2569
2924656 5345
147250 12288
512 86
159538 598
160136 90
2930001 160226
16384 598
128 74
16982 202
17184 8
3090227 17192
111821 5345
598 488
117166 1086
3107419 118252
36855 598
79 32
37453 111
3225671 37564
67117 598
374 9
67715 383
3263235 68098
5345 598
8 4
5943 12
3331333 5955
16384 111
16495 48
3337288 16543
58144 20
3353831 58164
223558 19001
202 40
242559 242
242801 4
3411995 242805
32768 384
33152 10
3654800 33162
118252 7745
111 84
125997 195
3687962 126192
22780 2944
260 90
25724 350
26074 23
3814154 26097
44704 598
45302 598
3840251 45900
50869 2569
53438 1152
3886151 54590
131072 9089
1152 23
140161 1175
141336 40
3940741 141376
9089 374
9463 4
4082117 9467
71233 350
71583 5
4091584 71588
74016 4116
260 40
5 2
78132 300
78432 7
4194304 78439
160226 7745
385 5
167971 390
168361 40
4272743 168401
223558 8192
390 90
231750 480
4441144 232230
390 9463
4673374 9853
58223 4116
260 10
62339 270
62609 5
4683227 62614
78132 10
78142 1
4745841 78143
78143 8704
4823984 86847
168401 16543
104 1
184944 105
4910831 185049
50869 598
3 128
51467 131
5095880 51598
19001 7
19008 300
5147478 19308
74016 1695
40 2
75711 42
5166786 75753
168401 8704
374 5
177105 379
5242539 177484
83501 383
83884 1536
5420023 85420
118252 16
118268 2
5505443 118270
5955 195
6150 1
5623713 6151
177484 383
177867 111
5629864 177978
327427 2048
48 3
329475 51
5807842 329526
68098 23
68121 2560
6137368 70681
1695 2
6208049 1697
26097 598
390 23
26695 413
6209746 27108
281908 22292
74 4
304200 78
6236854 304278
86847 3634
90481 90
6541132 90571
71588 1581
73169 512
6631703 73681
242805 9853
260 32
252658 292
6705384 252950
62614 2308
74 8
64922 82
6958334 65004
26097 128
26225 8
7023338 26233
45900 350
46250 4
7049571 46254
4116 390
4506 458
7095825 4964
312810 480
313290 383
7100789 313673
22780 2776
20 40
25556 60
7414462 25616
46375 512
7440078 46887
37564 202
37766 2048
7486965 39814
83884 270
84154 8
7526779 84162
168401 4506
7 260
172907 267
7610941 173174
281908 19348
1697 64
301256 1761
7784115 303017
9853 42
9895 377
8087132 10272
197888 18953
216841 16
8097404 216857
380248 117166
512 16
497414 528
497942 1
8388608 497943
12288 2944
20 114
15232 134
8886551 15366
19348 2308
114 4
21656 118
8901917 21774
68121 2308
114 2
70429 116
8923691 70545
232230 6151
598 377
238381 975
8994236 239356
22780 383
23163 374
9233592 23537
262144 6151
1280 5
268295 1285
269580 128
9257129 269708
118270 116
118386 3634
9526837 122020
6151 1086
7237 260
9648857 7497
58223 1581
90 20
59804 110
9656354 59914
40960 2944
242 84
43904 326
9716268 44230
75753 2308
51 8
78061 59
9760498 78120
53438 26074
9838618 79512
56992 202
57194 8
9918130 57202
379 4096
9975332 4475
23537 598
7 350
24135 357
9979807 24492
10272 202
10474 8
10004299 10482
24492 1086
10014781 25578
75753 374
76127 384
10040359 76511
98756 512
99268 128
10116870 99396
140161 598
326 42
140759 368
10216266 141127
48820 1175
49995 64
10357393 50059
99396 975
100371 1
10407452 100372
360900 10482
480 512
371382 992
10507824 372374
44230 44230
10880198 88460
40960 2308
3 74
43268 77
10968658 43345
51598 1175
74 20
52773 94
11012003 52867
242805 2048
84 114
244853 198
11064870 245051
57202 385
57587 21
11309921 57608
185049 10474
195523 9
11367529 195532
177978 5
177983 256
11563061 178239
27108 598
10 40
27706 50
11741300 27756
33162 1783
242 2
34945 244
11769056 35189
7497 48
11804245 7545
252950 8704
256 2
261654 258
11811790 261912
357 12
12073702 369
68121 84
68205 512
12074071 68717
79512 598
374 1
80110 375
12142788 80485
40960 84
41044 385
12223273 41429
528 10
538 5
12264702 543
197888 10482
350 598
208370 948
12265245 209318
268295 131
268426 105
12474563 268531
68205 242
68447 114
12743094 68561
269708 528
270236 1581
12811655 271817
101576 3634
202 104
105210 306
13083472 105516
598 83501
13188988 84099
35189 383
35572 8
13273087 35580
50059 37564
13308667 87623
147250 4964
86 84
152214 170
13396290 152384
178239 4964
300 5
183203 305
13548674 183508
101576 195
101771 385
13732182 102156
84162 48
84210 374
13834338 84584
43904 270
13918922 44174
278528 134
278662 74
13963096 278736
35580 60
35640 195
14241832 35835
58223 134
58357 195
14277667 58552
12288 1697
13985 104
14336219 14089
147250 2776
21 40
150026 61
14350308 150087
327427 64
327491 16
14500395 327507
52867 10474
14827902 63341
84584 48
14891243 84632
4964 7745
14975875 12709
17192 1285
128 64
18477 192
14988584 18669
202 84
15007253 286
10482 86
10568 64
15007539 10632
22780 23
22803 40
15018171 22843
117166 60
117226 1024
15041014 118250
125997 90
126087 74
15159264 126161
168401 1285
134 86
169686 220
15285425 169906
27756 21
27777 384
15455331 28161
37766 458
15483492 38224
85420 948
10 5
86368 15
15521716 86383
27108 10
27118 256
15608099 27374
152384 2944
326 86
155328 412
15635473 155740
223558 4964
48 104
228522 152
15791213 228674
126192 50
126242 1280
16019887 127522
268426 24135
16147409 292561
105516 152
105668 6151
16439970 111819
10632 104
16551789 10736
14089 86
14175 90
16777216 14265
15366 598
74 21
15964 95
16791481 16059
262144 86
262230 1581
16807540 263811
118386 2048
120434 256
17071351 120690
54590 12288
17192041 66878
23163 202
23365 114
17258919 23479
26233 82
26315 104
17282398 26419
33162 48
33210 114
17308817 33324
122020 975
122995 385
17342141 123380
88460 948
89408 292
17465521 89700
22292 4096
17555221 26388
27706 1581
17581609 29287
41429 25556
17610896 66985
242559 202
242761 4
17677881 242765
53438 267
53705 78
17920646 53783
43904 26074
17974429 69978
380248 105668
105 458
485916 563
18044407 486479
123380 2048
40 4
125428 44
18530886 125472
140161 256
140417 1
18656358 140418
120690 292
120982 2
18796776 120984
118 54590
18917760 54708
44230 185049
18972468 229279
486479 220
486699 9463
19201747 496162
178239 1581
179820 128
19697909 179948
90571 1086
21 8
91657 29
19877857 91686
58552 598
59150 2
19969543 59152
34945 51
20028695 34996
160226 377
160603 32
20063691 160635
91686 48
91734 385
20224326 92119
24492 82
24574 90
20316445 24664
141376 82
141458 1783
20341109 143241
329526 24664
598 3
354190 601
354791 260
20484350 355051
23479 50523
20839401 74002
614380 10482
74 1
624862 75
20913403 624937
232230 1285
233515 32
21538340 233547
10736 384
11120 4
21771887 11124
29287 12
29299 512
21783011 29811
85420 82
85502 90
21812822 85592
160635 2776
163411 86
21898414 163497
258 9467
22061911 9725
66985 329526
22071636 396511
41429 1783
43212 20
22468147 43232
412 46254
22511379 46666
98756 128
98884 16
22558045 98900
52867 383
53250 104
22656945 53354
543 26695
22710299 27238
16982 1695
22737537 18677
45302 105
45407 260
22756214 45667
152384 242
152626 202
22801881 152828
80485 2048
82 104
82533 186
22954709 82719
122995 84632
23037428 207627
24664 84
24748 385
23245055 25133
59150 116
23270188 59266
23329454 25556
10474 4116
23355010 14590
99396 25556
23369600 124952
44589 8
23494552 44597
179948 2308
131 10
182256 141
23539149 182397
252950 1581
104 4
254531 108
23721546 254639
89700 9853
23976185 99553
18669 83501
24075738 102170
17192 195
17387 32
24177908 17419
90571 598
91169 9
24195327 91178
3634 56992
24286505 60626
183203 2308
24347131 185511
62339 350
24532642 62689
43212 1774
24595331 44986
15964 78
24640317 16042
48820 383
49203 111
24656359 49314
4506 40
4546 256
24705673 4802
267 68098
24710475 68365
396511 41429
75 1280
437940 1355
24778840 439295
360900 5345
384 2
366245 386
25218135 366631
375 62614
25584766 62989
71233 260
71493 8
25647755 71501
306 71583
25719256 71889
185511 5345
116 51
190856 167
25791145 191023
10272 51
25982168 10323
51598 598
52196 384
25992491 52580
60626 1581
3 90
62207 93
26045071 62300
111821 601
195 40
112422 235
26107371 112657
90571 64
90635 2
26220028 90637
41044 25616
26310665 66660
178239 111
26377325 178350
86847 84
86931 90
26555675 87021
245051 2308
64 4
247359 68
26642696 247427
71889 86
71975 1024
26890123 72999
497943 12709
3 512
510652 515
26963122 511167
598 2
27474289 600
84632 384
27474889 85016
87623 3
87626 488
27559905 88114
71493 78
27648019 71571
271817 292
272109 242
27719590 272351
245051 77
245128 1152
27991941 246280
16059 1576
28238221 17635
112422 258
28255856 112680
7237 177105
28368536 184342
948 1697
28552878 2645
2944 48
2992 114
28555523 3106
184342 7237
28558629 191579
10474 78432
28750208 88906
169686 33152
28839114 202838
169906 375
170281 292
29041952 170573
117226 377
117603 64
29212525 117667
5345 195
5540 385
29330192 5925
35835 3629
29336117 39464
105668 948
29375581 106616
329526 8704
51 131
338230 182
29482197 338412
3634 79
3713 128
29820609 3841
53354 43232
29824450 96586
80485 1086
81571 9
29921036 81580
254639 3841
128 1
258480 129
30002616 258609
65004 202
65206 4
30261225 65210
41044 1774
30326435 42818
51598 37453
30369253 89051
11124 300
11424 350
30458304 11774
209318 412
209730 3629
30470078 213359
7745 77
7822 104
30683437 7926
14175 105668
30691363 119843
68365 118250
30811206 186615
306 2569
30997821 2875
112680 104
112784 1576
31000696 114360
12709 528
13237 384
31115056 13621
29811 42
29853 1695
31128677 31548
52867 86
52953 114
31160225 53067
31548 7
31555 242
31213292 31797
228674 538
229212 23
31245089 229235
31474324 242
10632 44704
31474566 55336
131072 377
131449 74
31529902 131523
44589 1
31661425 44590
24492 51
31706015 24543
27777 42
27819 4
31730558 27823
155740 3634
64 2
159374 66
31758381 159440
123380 42
123422 1280
31917821 124702
33324 374
33698 458
32042523 34156
396511 37766
78 64
434277 142
32076679 434419
19001 256
32511098 19257
69978 267
70245 64
32530355 70309
600 48820
32600664 49420
66660 209318
32650084 275978
98900 82
98982 105
32926062 99087
11774 134
11908 195
33025149 12103
112680 125428
33037252 238108
18477 375
33275360 18852
143360 948
144308 260
33294212 144568
244 26074
33438780 26318
134 2308
33465098 2442
25133 42
25175 12
33467540 25187
80485 21
80506 128
33554432 80634
31548 2944
33635066 34492
106616 2308
108924 384
33669558 109308
163497 2308
165805 9
33778866 165814
131523 5540
105 128
137063 233
33944680 137296
98884 68205
34081976 167089
39814 195
40009 104
34249065 40113
96586 1355
97941 543
34289178 98484
15232 16
15248 8
34387662 15256
177983 2048
34402918 180031
197888 79
197967 21
34582949 197988
17635 198
17833 488
34780937 18321
412 528
34799258 940
114360 82
114442 2308
34800198 116750
46887 538
47425 23
34916948 47448
33152 512
34964396 33664
14590 350
14940 8
34998060 14948
377 79
35013008 456
111 7745
35013464 7856
16059 105516
35021320 121575
379 36855
35142895 37234
67715 16
67731 1
35180129 67732
58223 256
35247861 58479
59914 1086
35306340 61000
2697 2
35367340 2699
27108 19001
35370039 46109
24664 528
35416148 25192
51 104
35441340 155
114442 458
114900 20
35441495 114920
6151 2776
35556415 8927
6151 379
6530 128
35565342 6658
73681 23
73704 114
35572000 73818
538 390
35645818 928
65206 21774
35646746 86980
275978 300
276278 1695
35733726 277973
7822 2048
36011699 9870
71889 19308
36021569 91197
35189 9463
36112766 44652
14089 2308
36157418 16397
41429 458
41887 114
36173815 42001
54708 383
55091 48
36215816 55139
2048 256
36270955 2304
31555 111
31666 90
36273259 31756
2875 23
2898 16
36305015 2914
16982 104
17086 2
36307929 17088
116 19328
36325017 19444
105 40960
36344461 41065
32768 42
32810 195
36385526 33005
412 16384
36418531 16796
62207 20
62227 10
36435327 62237
147250 538
147788 480
36497564 148268
27706 379
36645832 28085
19444 350
19794 104
36673917 19898
27819 35189
36693815 63008
31756 1695
36756823 33451
76511 5943
36790274 82454
53783 78432
36872728 132215
25175 34945
37004943 60120
292561 6530
299091 563
37065063 299654
7545 94
37364717 7639
80634 390
81024 350
37372356 81374
1761 350
37453730 2111
54708 131
54839 202
37455841 55041
1175 374
37510882 1549
152828 1697
154525 480
37512431 155005
338412 10736
349148 20
37667436 349168
58552 538
59090 23
38016604 59113
40113 383
40496 377
38075717 40873
90571 377
38116590 90948
2111 24574
38207538 26685
19348 67117
38234223 86465
329526 104
329630 8
38320688 329638
263811 2560
266371 104
38650326 266475
10323 18669
38916801 28992
2697 40
38945793 2737
10272 84
38948530 10356
40113 24492
38958886 64605
2875 85016
39023491 87891
78120 6151
39111382 84271
173174 1285
174459 82
39195653 174541
7926 87626
39370194 95552
303017 412
303429 379
39465746 303808
167971 305
168276 20
39769554 168296
106616 134
106750 1576
39937850 108326
120984 488
121472 23
40046176 121495
106750 29
106779 1285
40167671 108064
19898 357
20255 458
40275735 20713
25724 12288
40296448 38012
143360 116
143476 64
40334460 143540
43268 5955
40478000 49223
54839 50515
40527223 105354
63341 101771
40632577 165112
3841 111
3952 86
40797689 4038
197988 3952
201940 233
40801727 202173
16059 126087
41003900 142146
62237 3634
41146046 65871
62237 46250
41211917 108487
43268 23
43291 4
41320404 43295
71889 91734
41363699 163623
360900 598
361498 86
41527322 361584
29853 383
41888906 30236
202173 267
202440 390
41919142 202830
44230 260
42121972 44490
601 28161
42166462 28762
10272 16
42195224 10288
25616 1
42205512 25617
17086 74002
42231129 91088
125472 134
125606 90
42322217 125696
71583 53438
42447913 125021
101771 82
101853 90
42572934 101943
144568 142
144710 2048
42674877 146758
28161 14089
42821635 42250
247427 177484
42863885 424911
202838 4546
207384 118
43288796 207502
178350 413
43496298 178763
7926 29811
43675061 37737
1280 64
43712798 1344
9725 10482
43714142 20207
396511 948
397459 24492
43734349 421951
54708 10
54718 16
44156300 54734
14265 63341
44211034 77606
1355 40
1395 128
44288640 1523
948 25578
44290163 26526
43904 1175
44316689 45079
33324 4475
44361768 37799
19444 47425
44399567 66869
114920 78432
44466436 193352
354190 84162
44659788 438352
59804 184944
45098140 244748
132215 3106
384 64
135321 448
45342888 135769
118 118252
45478657 118370
16042 379
45597027 16421
26388 128
45613448 26516
31555 64
31619 16
45639964 31635
486699 8192
20 128
494891 148
45671599 495039
6530 143241
46166638 149771
34996 7237
46316409 42233
114900 42818
46358642 157718
220668 600
221268 601
46516360 221869
63341 258
63599 992
46738229 64591
52867 128
46802820 52995
174541 480
175021 2
46855815 175023
40873 19444
47030838 60317
25187 58223
47091155 83410
42250 140759
47174565 183009
366631 975
367606 1
47357574 367607
9089 64
9153 1
47725181 9154
22843 5
47734335 22848
150087 528
150615 1
47757183 150616
135769 458
136227 9
47907799 136236
16421 27777
48044035 44198
601 1695
48088233 2296
117667 68365
48090529 186032
76127 40
48276561 76167
598 86
48352728 684
25616 74016
48353412 99632
118386 44704
48453044 163090
54839 20
48616134 54859
142 11120
48670993 11262
116750 108
48682255 116858
155 84632
48799113 84787
31635 75711
48883900 107346
81374 88460
48991246 169834
78439 23
78462 384
49161080 78846
150615 37453
49239926 188068
12709 512
13221 8
49427994 13229
53438 2048
49441223 55486
7822 78432
49496709 86254
7856 80634
49582963 88490
7545 512
49671453 8057
48820 23
48843 64
49679510 48907
2304 83884
49728417 86188
213359 3106
216465 368
49814605 216833
55336 270
50031438 55606
61000 383
61383 16
50087044 61399
412 1086
50148443 1498
106779 383
107162 48
50149941 107210
1395 13985
50257151 15380
24664 9895
50272531 34559
1355 23
1378 5
50307090 1383
140759 24492
50308473 165251
15256 198
50473724 15454
54708 8704
50489178 63412
329638 3106
332744 413
50552590 333157
85592 40
50885747 85632
9870 13237
50971379 23107
5540 93
50994486 5633
192 141376
51000119 141568
1355 33324
51141687 34679
1086 488
51176366 1574
120690 64
120754 8
51177940 120762
21656 64
21720 1
51298702 21721
109308 1175
110483 10
51320423 110493
223558 3634
227192 260
51430916 227452
14940 46250
51658368 61190
51141687 624937
16397 47448
51766624 63845
39814 26097
51830469 65911
75 70429
51896380 70504
74002 23163
51966884 97165
27238 10272
52064049 37510
2442 2992
52101559 5434
26526 23
26549 104
52106993 26653
11774 24664
52133646 36438
992 9089
52170084 10081
20713 267
20980 385
52180165 21365
45302 1774
52201530 47076
232230 375
232605 292
52248606 232897
81580 195
81775 4
52481503 81779
76511 16543
52563282 93054
102170 258
102428 2697
52656336 105125
29299 383
29682 64
52761461 29746
14940 26695
52791207 41635
6150 37564
52832842 43714
102428 198
102626 1774
52876556 104400
6530 21
6551 1
52980956 6552
114920 512
115432 64
52987508 115496
83410 79
83489 4
53103004 83493
12709 42
12751 256
53186497 13007
36438 412
53199504 36850
228674 77
228751 260
53236354 229011
80110 134
80244 74
53465365 80318
182397 131072
53545683 313469
13237 21
13258 10
53859152 13268
41429 5345
53872420 46774
1523 11120
53919194 12643
54708 198
53931837 54906
2569 42
2611 20
53986743 2631
380248 368
380616 4506
53989374 385122
32810 186
54374496 32996
43212 76511
54407492 119723
105210 7237
54527215 112447
76511 111
76622 10
54639662 76632
10288 12
54716294 10300
268531 684
84 79
269215 163
54726594 269378
349168 98900
54995972 448068
54839 10
54849 4
55444040 54853
439295 7237
446532 384
55498893 446916
50869 195
51064 242
55945809 51306
68447 7
55997115 68454
90948 111
91059 10
56065569 91069
7237 39814
56156638 47051
41429 79
41508 104
56203689 41612
96586 300
96886 2
56245301 96888
9463 1280
56342189 10743
31666 114900
56352932 146566
43212 563
56499498 43775
98884 5955
56543273 104839
23537 270
56648112 23807
70429 20
70449 10
56671919 70459
27108 1
56742378 27109
99268 384
56769487 99652
87623 385
56869139 88008
278736 134
56957147 278870
270 65536
57236017 65806
53438 16543
57301823 69981
27777 84632
57371804 112409
28085 64
28149 8
57484213 28157
21720 1344
57512370 23064
223558 3106
226664 379
57535434 227043
15964 195
57762477 16159
128205 142
128347 1783
57778636 130130
37510 142146
57908766 179656
65911 79
65990 21
58088422 66011
397459 23365
90 23
420824 113
58154433 420937
134 220668
58575370 220802
1783 114
58796172 1897
38224 44
38268 1086
58798069 39354
70681 4116
58837423 74797
144710 684
134 90
145394 224
58912220 145618
448068 26315
474383 4964
59057838 479347
46375 1024
59537185 47399
383 74
59584584 457
44597 198
59585041 44795
31797 374
32171 384
59629836 32555
13237 81571
59662391 94808
60626 51
59757199 60677
233547 104
233651 3629
59817876 237280
13268 68205
60055156 81473
43714 99087
60136629 142801
37799 174541
60279430 212340
19308 67117
60491770 86425
65004 383
60578195 65387
38012 128
38140 8
60643582 38148
1783 8704
60681730 10487
167 39814
60692217 39981
85502 56992
60732198 142494
54708 68561
60874692 123269
146994 32
60997961 147026
18477 5943
61144987 24420
94 9089
61169407 9183
40009 108
61178590 40117
59266 152
61218707 59418
238108 260
238368 2
61278125 238370
51 9467
61516495 9518
17833 2776
61526013 20609
108 54708
61546622 54816
160635 1280
161915 74
61601438 161989
47448 563
48011 379
61763427 48390
44174 305
61811817 44479
94808 111
61856296 94919
6658 256
6914 32
61951215 6946
20980 15
61958161 20995
170573 198
170771 357
61979156 171128
8704 114
8818 1
62150284 8819
14089 528
62159103 14617
99087 17635
62173720 116722
22292 16
22308 8
62290442 22316
1344 17635
62312758 18979
2611 80634
62331737 83245
32996 306
62414982 33302
43212 39814
62448284 83026
5633 116
62531310 5749
40496 90
40586 104
62537059 40690
457 1576
62577749 2033
940 183508
62579782 184448
10568 1576
62764230 12144
456 1761
62776374 2217
120984 260
121244 79
62778591 121323
44652 379
62899914 45031
148268 383
62944945 148651
182256 46285
63093596 228541
278662 2569
63322137 281231
33210 71588
63603368 104798
3713 79
3792 20
63708166 3812
15 7237
63711978 7252
12103 44
63719230 12147
30236 16495
63731377 46731
86188 78846
63778108 165034
355051 5749
360800 5
63943142 360805
49314 160603
64303947 209917
24748 90481
64513864 115229
91734 36397
64629093 128131
397459 379
397838 374
64757224 398212
20 1536
65155436 1556
538 51598
65156992 52136
13268 55091
65209128 68359
23479 50613
65277487 74092
60 1024
65351579 1084
42233 7545
65352663 49778
128347 242
128589 48
65402441 128637
62609 5943
65531078 68552
6530 94
65599630 6624
68717 39814
65606254 108531
38224 42
65714785 38266
9463 5943
65753051 15406
100371 1761
65768457 102132
122020 598
122618 128
65870589 122746
9895 1783
65993335 11678
448068 17833
270 1
465901 271
66005013 466172
98484 64922
66471185 163406
1084 192
66634591 1276
10632 2048
66635867 12680
28149 17419
66648547 45568
25133 23479
66694115 48612
41635 58479
66742727 100114
17419 86368
66842841 103787
66946628 152
33005 197988
67108864 230993
78432 16982
67339857 95414
43345 12
67435271 43357
16042 258
67478628 16300
27238 51598
67494928 78836
152384 2
67573764 152386
91059 3106
67726150 94165
26225 16495
67820315 42720
36850 49223
67863035 86073
97941 350
98291 90
67949108 98381
42250 82
42332 79
68047489 42411
4964 9
68089900 4973
39981 99632
68094873 139613
167089 86
167175 385
68234486 167560
15232 26233
68402046 41465
528 50515
68443511 51043
29853 48
29901 10
68494554 29911
50059 134
68524465 50193
144710 42
144752 242
68574658 144994
208370 390
68719652 208760
89408 5
89413 64
68928412 89477
7856 112680
69017889 120536
44590 24574
69138425 69164
62300 87623
69207589 149923
186032 46887
69357512 232919
66869 10272
69590431 77141
11120 33162
69667572 44282
26685 99268
69711854 125953
11124 48
11172 10
69837807 11182
272351 992
273343 20
69848989 273363
15232 105
70122352 15337
12643 32
70137689 12675
384 3629
70150364 4013
52136 25133
70154377 77269
227192 46375
70231646 273567
386 29811
70505213 30197
13621 50
70535410 13671
183508 368
183876 377
70549081 184253
2304 59266
70733334 61570
85592 62614
70794904 148206
188068 42
188110 2560
70943110 190670
25192 1697
71133780 26889
14089 64
71160669 14153
41465 2
71174822 41467
71160669 71233
90635 4
71231902 90639
26388 16
71322541 26404
543 57202
71348945 57745
10356 83884
71406690 94240
24748 110
24858 116
71500930 24974
126242 1695
71525904 127937
57608 65536
71653841 123144
398212 515
398727 5345
71776985 404072
82719 6151
72181057 88870
13258 48843
72269927 62101
58357 992
72332028 59349
163411 7545
72391377 170956
34679 79
34758 74
72562333 34832
28992 76511
72597165 105503
47076 306
72702668 47382
110 196608
72750050 196718
2442 131449
72946768 133891
16495 58144
73080659 74639
195 117166
73155298 117361
19257 17387
73272659 36644
14940 89408
73309303 104348
26318 8192
73413651 34510
8192 21
8213 32
73448161 8245
33324 64
73456406 33388
52136 28161
73489794 80297
4475 1783
73570091 6258
57587 44589
73576349 102176
36850 5540
73678525 42390
35640 75753
73720915 111393
7545 2048
73832308 9593
48907 26233
73841901 75140
78439 16543
73917041 94982
7237 62609
74012023 69846
65206 2697
74081869 67903
48390 105
48495 74
74149772 48569
66878 8704
74198341 75582
39464 112422
74273923 151886
42250 66
74425809 42316
3841 86
74468125 3927
7926 14089
74472052 22015
41065 118250
74494067 159315
65911 40113
74653382 106024
22015 270
22285 5
74759406 22290
385122 4038
389160 374
74781696 389534
75171230 91169
1378 130774
75262399 132152
5943 101316
75394551 107259
14948 27118
75501810 42066
10474 1152
75543876 11626
88114 86
88200 40
75555502 88240
14590 195
75643742 14785
37737 143360
75658527 181097
10474 40960
75839624 51434
6946 79
7025 21
75891058 7046
5925 5345
75898104 11270
27108 48
75909374 27156
171128 543
171671 538
75936530 172209
59914 220668
76108739 280582
448 1783
76389321 2231
50869 4116
76391552 54985
68121 67117
76446537 135238
115229 71233
76581775 186462
19898 2645
76768237 22543
28161 51
28212 260
76790780 28472
2308 8
76819252 2316
149771 9089
76821568 158860
47051 10
47061 4
76980428 47065
104 32768
77027493 32872
192 52773
77060365 52965
2569 104
77113330 2673
19008 19328
77116003 38336
6258 195
6453 1
77154339 6454
112422 61
77160793 112483
160136 58144
77273276 218280
29901 41887
77491556 71788
43232 1783
77563344 45015
102170 152
77608359 102322
63599 1761
77710681 65360
2111 160603
77776041 162714
42001 357
77938755 42358
624937 29
624966 4475
77981113 629441
18677 3
18680 104
78610554 18784
13985 58552
78629338 72537
367606 82
78701875 367688
479347 384
479731 1581
79069563 481312
45568 91169
79550875 136737
1344 27823
79687612 29167
124952 26315
79716779 151267
10272 79
79868046 10351
69981 16042
79878397 86023
125606 20713
79964420 146319
37799 82
37881 21
80110739 37902
175023 45667
80148641 220690
10272 413
80369331 10685
28085 143241
80380016 171326
141 25556
80551342 25697
73818 52196
80577039 126014
7252 74
7326 23
80703053 7349
223558 368
223926 1774
80710402 225700
111819 21
80936102 111840
43291 101576
81047942 144867
95414 65990
81192809 161404
62237 242
81354213 62479
100371 65536
81416692 165907
20609 1897
81582599 22506
141376 20
81605105 141396
31666 245051
81746501 276717
188110 84
188194 2048
82023218 190242
78061 1783
82213460 79844
44174 368
82293304 44542
70545 15232
82337846 85777
78 2569
82423623 2647
61000 86847
82426270 147847
16982 1024
82574117 18006
50 46250
82592123 46300
45900 4116
82638423 50016
29911 106750
82688439 136661
71588 2569
82825100 74157
53250 15366
82899257 68616
43232 37564
82967873 80796
22292 5
83048669 22297
45031 68205
83070966 113236
59266 87623
83184202 146889
17184 128
83331091 17312
2560 114
83348403 2674
38012 270
83351077 38282
6551 36438
83389359 42989
25616 50869
83432348 76485
58164 74
83508833 58238
110493 48
83567071 110541
2697 114
83677612 2811
32810 131449
83680423 164259
165805 112680
83844682 278485
7252 6552
84123167 13804
41887 131
84136971 42018
2111 105
84178989 2216
128637 8818
84181205 137455
71975 98884
84318660 170859
37564 2048
84489519 39612
9725 86
84529131 9811
17419 228674
84538942 246093
262230 1086
64 1
263316 65
84785035 263381
41635 8192
85048416 49827
12709 292
85098243 13001
84785035 332744
108531 60317
85117779 168848
29299 64922
85286627 94221
12643 62339
85380848 74982
270 74016
85455830 74286
8927 369
85530116 9296
68205 19348
85539412 87553
2914 85592
85626965 88506
66869 1523
85715471 68392
326 39814
85783863 40140
10288 85592
85824003 95880
42066 82
42148 79
85919883 42227
2737 68447
85962110 71184
44652 106616
86033294 151268
233651 975
234626 16
86184562 234642
125606 178350
86419204 303956
118 75753
86723160 75871
66660 10482
86799031 77142
7639 22780
86876173 30419
34758 51
86906592 34809
118386 44703
86941401 163089
3952 2697
87104490 6649
162714 1355
87111139 164069
12144 141376
87275208 153520
13268 93
87428728 13361
35572 62339
87442089 97911
10743 86465
87540000 97208
16059 10272
87637208 26331
55606 106750
87663539 162356
15406 3106
87825895 18512
46109 23537
87844407 69646
5955 18953
87914053 24908
3713 160635
87938961 164348
258 126192
88103309 126450
49778 48907
88229759 98685
26233 83884
88328444 110117
13221 3106
88438561 16327
18852 70681
88454888 89533
120690 326
88544421 121016
88490 40
88665437 88530
23163 5955
88753967 29118
7252 1383
88783085 8635
15366 50515
88791720 65881
11424 306
88857601 11730
86465 37564
88869331 124029
68365 16042
88993360 84407
87623 6151
89077767 93774
2697 56992
89171541 59689
88857601 385122
202 83501
89242723 83703
31797 42818
89326426 74615
49203 375
89401041 49578
51306 22843
89450619 74149
37453 36855
89524768 74308
12103 66878
89599076 78981
14785 60
89678057 14845
75140 515
89692902 75655
111 44703
89768557 44814
91178 78132
89813371 169310
89982681 1285
77141 538
89983966 77679
35572 195
90061645 35767
118252 5
90097412 118257
111 40960
90215669 41071
88460 242
90256740 88702
61399 120434
90345442 181833
224 20255
90527275 20479
14175 16
90547754 14191
29287 16059
90561945 45346
28085 90481
90607291 118566
180031 254531
90725857 434562
47425 36397
91160419 83822
23365 7545
91244241 30910
51598 53438
91275151 105036
193352 329630
91380187 522982
15232 50523
91903169 65755
57745 242
57987 3
91968924 57990
17387 22780
92026914 40167
8927 111
92067081 9038
16042 23479
92076119 39521
78120 10272
92115640 88392
43268 992
92204032 44260
49223 5345
92248292 54568
13221 41044
92302860 54265
60 68098
92357125 68158
4973 74
5047 256
92425283 5303
23163 19328
92430586 42491
71493 80485
92473077 151978
18852 54708
92625055 73560
61570 59090
92698615 120660
92819275 202
84632 82
92819477 84714
87553 163090
92904191 250643
163411 28161
93154834 191572
36438 85016
93346406 121454
40690 167
93467860 40857
7046 5
7051 32
93508717 7083
36644 29901
93515800 66545
105516 105
93582345 105621
14940 159374
93687966 174314
8818 10474
93862280 19292
458 16384
93881572 16842
8245 1084
93898414 9329
629441 53067
682508 185049
93907743 867557
11120 44589
94775300 55709
13001 10356
94831009 23357
32171 223444
94854366 255615
116858 246280
95109981 363138
21774 1581
95473119 23355
63008 27777
95496474 90785
17312 142801
95587259 160113
144308 2048
95747372 146356
51306 1498
95893728 52804
17419 5345
95946532 22764
12675 91088
95969296 103763
96073059 300
45900 50523
96073359 96423
78142 167971
96169782 246113
7237 292
96415895 7529
313673 111
313784 10
96423424 313794
7745 74
96737218 7819
32810 220
96745037 33030
70429 26074
96778067 96503
23365 2697
96874570 26062
110493 27777
96900632 138270
367688 1344
369032 377
97038902 369409
29118 4
97408311 29122
116 168361
97437433 168477
18852 21
18873 32
97605910 18905
86931 23163
97624815 110094
66985 41429
97734909 108414
59349 2631
97843323 61980
15232 17192
97905303 32424
102322 188068
97937727 290390
62479 140759
98228117 203238
524288 1344
525632 24664
98431355 550296
67731 53438
98981651 121169
23807 10632
99102820 34439
183009 141
99137259 183150
63731377 35646746
72999 79
99378123 73078
1574 13621
99451201 15195
20255 14940
99466396 35195
4475 84162
99501591 88637
47448 286
99590228 47734
142 170573
99637962 170715
8819 53354
99808677 62173
